1 0.061224 0.298429 0.027211 0.052356
1 0.268707 0.221640 0.016521 0.034904
1 0.327502 0.199825 0.017493 0.033159
1 0.356657 0.226876 0.019436 0.034904
1 0.370748 0.188482 0.012634 0.031414
1 0.388241 0.194590 0.016521 0.033159
1 0.388727 0.244328 0.019436 0.045375
1 0.407677 0.234729 0.018465 0.033159
1 0.445092 0.259162 0.023324 0.050611
1 0.425170 0.176265 0.012634 0.031414
1 0.404276 0.164049 0.013605 0.027923
1 0.392614 0.166667 0.013605 0.029668
1 0.428571 0.148342 0.011662 0.027923
1 0.473275 0.203316 0.019436 0.033159
1 0.467444 0.137871 0.013605 0.027923
1 0.479106 0.153578 0.011662 0.031414
1 0.486395 0.170157 0.016521 0.033159
1 0.490282 0.135253 0.010690 0.026178
1 0.498056 0.131763 0.010690 0.022688
1 0.518950 0.133508 0.011662 0.022688
1 0.527211 0.130017 0.010690 0.033159
1 0.539359 0.136998 0.013605 0.029668
1 0.518950 0.176265 0.021380 0.038394
1 0.503887 0.210297 0.020408 0.043630
1 0.554908 0.181501 0.019436 0.038394
1 0.575802 0.121291 0.010690 0.026178
1 0.586492 0.121291 0.012634 0.033159
1 0.591351 0.152705 0.012634 0.036649
1 0.612245 0.102967 0.011662 0.020942
1 0.606900 0.124782 0.012634 0.029668
1 0.627308 0.121291 0.010690 0.026178
1 0.635083 0.113438 0.010690 0.024433
1 0.637998 0.148342 0.012634 0.024433
1 0.618562 0.199825 0.022352 0.040140
1 0.652089 0.140489 0.015549 0.029668
1 0.659378 0.116928 0.012634 0.024433
1 0.663265 0.101222 0.010690 0.020942
1 0.682216 0.128272 0.013605 0.026178
1 0.686103 0.106457 0.013605 0.024433
1 0.714286 0.110820 0.013605 0.026178
1 0.713314 0.163176 0.015549 0.033159
1 0.655005 0.189354 0.017493 0.040140
1 0.641399 0.246073 0.021380 0.048866
1 0.571914 0.250436 0.022352 0.050611
1 0.576288 0.275742 0.029155 0.052356
1 0.672983 0.218150 0.020408 0.041885
1 0.705053 0.191099 0.018465 0.036649
1 0.733236 0.137871 0.014577 0.027923
1 0.745384 0.164049 0.015549 0.031414
1 0.750243 0.203316 0.015549 0.047120
1 0.715743 0.235602 0.022352 0.038394
1 0.686103 0.260035 0.021380 0.045375
1 0.741011 0.258290 0.026239 0.052356
1 0.776482 0.236475 0.019436 0.036649
1 0.762877 0.142234 0.015549 0.033159
1 0.778912 0.137871 0.010690 0.027923
1 0.798834 0.128272 0.013605 0.026178
1 0.792517 0.154450 0.016521 0.029668
1 0.814383 0.142234 0.013605 0.022688
1 0.827988 0.180628 0.013605 0.029668
1 0.844509 0.156195 0.011662 0.026178
1 0.851312 0.145724 0.011662 0.026178
1 0.853741 0.177138 0.014577 0.033159
1 0.808066 0.150960 0.012634 0.026178
1 0.871234 0.172775 0.016521 0.038394
1 0.894558 0.156195 0.010690 0.026178
1 0.910107 0.164049 0.010690 0.027923
1 0.881924 0.232112 0.016521 0.038394
1 0.845967 0.205934 0.014577 0.038394
1 0.841108 0.234729 0.018465 0.043630
1 0.793975 0.212042 0.017493 0.036649
1 0.793975 0.282723 0.023324 0.055846
1 0.864431 0.248691 0.020408 0.050611
1 0.844509 0.342932 0.023324 0.061082
1 0.939747 0.173647 0.013605 0.026178
1 0.903304 0.198080 0.012634 0.022688
1 0.936346 0.225131 0.014577 0.041885
1 0.929543 0.256545 0.018465 0.045375
1 0.938290 0.201571 0.014577 0.036649
1 0.938290 0.306283 0.018465 0.054101
1 0.928086 0.376963 0.031098 0.062827
1 0.901846 0.219895 0.015549 0.020942
1 0.755102 0.135253 0.011662 0.026178