1 0.393064 0.238938 0.015414 0.035398
1 0.411368 0.246018 0.017341 0.038938
1 0.417148 0.257522 0.021195 0.040708
1 0.380058 0.193805 0.018304 0.040708
1 0.418112 0.202655 0.015414 0.033628
1 0.434971 0.211504 0.018304 0.037168
1 0.415703 0.163717 0.018304 0.033628
1 0.427746 0.160177 0.015414 0.037168
1 0.465800 0.165487 0.014451 0.037168
1 0.475434 0.176991 0.016378 0.035398
1 0.457611 0.215929 0.021195 0.038938
1 0.472543 0.138053 0.012524 0.021239
1 0.477360 0.156637 0.012524 0.030088
1 0.488921 0.157522 0.014451 0.035398
1 0.483141 0.138053 0.010597 0.021239
1 0.498555 0.120354 0.010597 0.028319
1 0.500000 0.215044 0.019268 0.044248
1 0.505780 0.195575 0.017341 0.037168
1 0.534200 0.192035 0.016378 0.037168
1 0.535164 0.161947 0.014451 0.030088
1 0.535645 0.139823 0.015414 0.028319
1 0.561175 0.130088 0.012524 0.033628
1 0.576590 0.140708 0.014451 0.030088
1 0.554432 0.166372 0.018304 0.031858
1 0.602601 0.162832 0.014451 0.031858
1 0.599711 0.106195 0.012524 0.024779
1 0.605010 0.125664 0.013487 0.024779
1 0.622832 0.098230 0.008671 0.023009
1 0.624759 0.123009 0.014451 0.023009
1 0.622351 0.145133 0.015414 0.028319
1 0.651734 0.150442 0.016378 0.028319
1 0.657033 0.110619 0.015414 0.033628
1 0.682563 0.122124 0.012524 0.024779
1 0.704239 0.112389 0.013487 0.026549
1 0.664740 0.185841 0.017341 0.035398
1 0.625241 0.218584 0.021195 0.037168
1 0.610790 0.247788 0.026975 0.056637
1 0.559249 0.269912 0.026012 0.054867
1 0.629576 0.286726 0.027938 0.053097
1 0.659923 0.375221 0.034682 0.074336
1 0.752890 0.450442 0.064547 0.129204
1 0.717726 0.182301 0.015414 0.035398
1 0.722062 0.150442 0.016378 0.031858
1 0.758189 0.137168 0.011561 0.023009
1 0.782755 0.127434 0.012524 0.035398
1 0.792389 0.157522 0.010597 0.035398
1 0.756744 0.169912 0.014451 0.028319
1 0.757707 0.194690 0.016378 0.035398
1 0.793834 0.205310 0.017341 0.038938
1 0.802023 0.174336 0.014451 0.030088
1 0.825626 0.179646 0.013487 0.030088
1 0.840559 0.152212 0.012524 0.031858
1 0.858382 0.190265 0.015414 0.026549
1 0.874277 0.168142 0.012524 0.028319
1 0.896435 0.194690 0.012524 0.031858
1 0.902697 0.216814 0.015414 0.033628
1 0.935453 0.165487 0.011561 0.040708
1 0.940751 0.198230 0.016378 0.046018
1 0.930636 0.247788 0.015414 0.035398
1 0.887765 0.234513 0.020231 0.040708
1 0.839114 0.218584 0.017341 0.037168
1 0.823218 0.261062 0.022158 0.051327
1 0.845857 0.303540 0.025048 0.054867
1 0.875723 0.268142 0.021195 0.051327
1 0.924855 0.317699 0.025048 0.054867
1 0.753854 0.243363 0.020231 0.054867
1 0.745665 0.262832 0.026975 0.054867