1 0.020684 0.390691 0.025457 0.039492
1 0.262928 0.268688 0.016706 0.038082
1 0.279236 0.264457 0.022275 0.043724
1 0.303898 0.265867 0.019093 0.035261
1 0.322593 0.279972 0.024662 0.038082
1 0.337709 0.213681 0.016706 0.026798
1 0.344471 0.222144 0.017502 0.040903
1 0.391010 0.252468 0.021480 0.042313
1 0.420843 0.272214 0.023866 0.047955
1 0.407319 0.224260 0.019093 0.039492
1 0.396579 0.187588 0.015115 0.025388
1 0.411695 0.178420 0.013524 0.021157
1 0.426412 0.179831 0.015911 0.029619
1 0.437152 0.162200 0.016706 0.025388
1 0.466189 0.142454 0.012729 0.025388
1 0.466985 0.158674 0.017502 0.029619
1 0.488862 0.136812 0.011933 0.025388
1 0.496818 0.131876 0.013524 0.023977
1 0.518695 0.141749 0.012729 0.029619
1 0.523469 0.133286 0.012729 0.023977
1 0.549324 0.147391 0.015115 0.035261
1 0.588305 0.114951 0.013524 0.029619
1 0.645982 0.116361 0.014320 0.026798
1 0.665871 0.114245 0.012729 0.025388
1 0.620923 0.145980 0.016706 0.029619
1 0.648767 0.166432 0.019889 0.039492
1 0.586714 0.165726 0.016706 0.029619
1 0.564837 0.162200 0.012729 0.025388
1 0.546937 0.191819 0.016706 0.036671
1 0.506762 0.189704 0.019093 0.032440
1 0.481305 0.193230 0.015911 0.025388
1 0.473747 0.230606 0.019889 0.040903
1 0.447494 0.223554 0.019889 0.032440
1 0.766110 0.122708 0.012729 0.025388
1 0.748210 0.145275 0.015115 0.031030
1 0.734686 0.157264 0.013524 0.023977
1 0.702068 0.157969 0.015115 0.028209
1 0.710422 0.172779 0.017502 0.038082
1 0.739459 0.189704 0.018298 0.038082
1 0.762928 0.165726 0.019093 0.029619
1 0.803500 0.138223 0.015911 0.031030
1 0.810660 0.172779 0.017502 0.038082
1 0.826969 0.158674 0.015115 0.038082
1 0.838107 0.148096 0.013524 0.033850
1 0.867144 0.142454 0.015911 0.028209
1 0.843278 0.184767 0.017502 0.033850
1 0.871122 0.207334 0.015911 0.039492
1 0.884248 0.200987 0.011933 0.032440
1 0.822593 0.212271 0.015911 0.035261
1 0.833333 0.232722 0.019889 0.042313
1 0.871917 0.246827 0.019093 0.039492
1 0.907717 0.270099 0.020684 0.052186
1 0.868337 0.301834 0.021480 0.045134
1 0.787192 0.291255 0.023071 0.066291
1 0.780430 0.210155 0.019093 0.042313
1 0.756165 0.228491 0.021480 0.042313
1 0.711217 0.217207 0.020684 0.036671
1 0.653142 0.218618 0.022275 0.033850
1 0.610979 0.207334 0.022275 0.039492
1 0.608990 0.241185 0.023071 0.045134
1 0.655131 0.257405 0.023071 0.046544
1 0.703660 0.308181 0.027844 0.063470
1 0.717184 0.286319 0.024662 0.056417
1 0.741050 0.362482 0.032617 0.064880
1 0.564041 0.250353 0.019093 0.046544
1 0.547733 0.303244 0.026253 0.050776
1 0.502387 0.301128 0.023071 0.046544
1 0.660302 0.356135 0.042959 0.083216