1 0.345861 0.206376 0.016175 0.023490
1 0.345385 0.242450 0.019029 0.031879
1 0.405804 0.245805 0.019981 0.041946
1 0.420552 0.218121 0.017127 0.030201
1 0.442436 0.218121 0.017127 0.036913
1 0.495718 0.211409 0.019029 0.036913
1 0.469077 0.128356 0.011418 0.025168
1 0.499049 0.125000 0.012369 0.028523
1 0.514272 0.143456 0.012369 0.021812
1 0.515224 0.167785 0.019981 0.033557
1 0.544244 0.202181 0.017127 0.038591
1 0.586108 0.170302 0.017127 0.038591
1 0.570885 0.118289 0.013321 0.025168
1 0.605614 0.124161 0.014272 0.030201
1 0.627498 0.137584 0.014272 0.023490
1 0.691246 0.062081 0.010466 0.020134
1 0.741675 0.057886 0.012369 0.025168
1 0.675071 0.185403 0.014272 0.035235
1 0.734063 0.177852 0.018078 0.033557
1 0.581351 0.244128 0.022835 0.045302
1 0.642721 0.243289 0.019981 0.040268
1 0.638440 0.224832 0.020932 0.040268
1 0.676974 0.269295 0.025690 0.041946
1 0.731208 0.286074 0.023787 0.058725
1 0.764510 0.264262 0.019981 0.041946
1 0.814938 0.288591 0.023787 0.057047
1 0.842055 0.226510 0.019029 0.040268
1 0.849667 0.192953 0.015224 0.030201
1 0.856327 0.315436 0.022835 0.053691
1 0.870124 0.281040 0.019981 0.048658
1 0.896765 0.222315 0.014272 0.041946
1 0.934824 0.239094 0.016175 0.031879
1 0.926261 0.281040 0.018078 0.048658
1 0.917222 0.349832 0.020932 0.058725
1 0.935775 0.275168 0.018078 0.033557