1 0.182514 0.470506 0.050766 0.103933
1 0.601934 0.201545 0.016116 0.032303
1 0.615633 0.209972 0.017728 0.029494
1 0.629734 0.221910 0.021757 0.030899
1 0.652297 0.212079 0.008864 0.025281
1 0.663175 0.223315 0.017728 0.030899
1 0.670427 0.229635 0.014504 0.029494
1 0.740532 0.232444 0.016116 0.029494
1 0.545125 0.216292 0.016922 0.033708
1 0.558421 0.257022 0.014504 0.030899
1 0.587429 0.236657 0.022562 0.032303
1 0.542305 0.282303 0.017728 0.044944
1 0.388396 0.250000 0.016116 0.022472
1 0.449234 0.242275 0.015310 0.023876
1 0.509267 0.288624 0.020951 0.037921
1 0.495165 0.268961 0.021757 0.029494
1 0.422240 0.283006 0.017728 0.043539
1 0.405318 0.293539 0.016116 0.036517
1 0.351330 0.292135 0.012893 0.039326
1 0.284045 0.299157 0.015310 0.033708
1 0.222804 0.338483 0.012087 0.030899
1 0.257051 0.341994 0.016116 0.043539
1 0.293715 0.357444 0.016922 0.043539
1 0.315471 0.386236 0.020145 0.047753
1 0.351732 0.324438 0.016922 0.030899
1 0.378324 0.332865 0.013699 0.030899
1 0.403707 0.331461 0.016116 0.030899
1 0.442385 0.336376 0.020951 0.040730
1 0.462530 0.305478 0.016116 0.035112
1 0.501612 0.320927 0.024980 0.040730
1 0.587429 0.321629 0.027397 0.042135
1 0.624899 0.287219 0.031426 0.043539
1 0.494359 0.381320 0.024980 0.057584
1 0.535858 0.393258 0.025786 0.056180
1 0.602337 0.422753 0.036261 0.061798
1 0.638598 0.330056 0.023368 0.033708
1 0.648670 0.368680 0.027397 0.049157
1 0.682111 0.342697 0.021757 0.042135
1 0.656728 0.436096 0.035455 0.068820
1 0.701048 0.467697 0.037067 0.078652
1 0.735697 0.402388 0.035455 0.043539
1 0.756648 0.441011 0.032232 0.053371
1 0.768735 0.245084 0.017728 0.032303
1 0.696616 0.254213 0.013699 0.030899
1 0.665189 0.266152 0.016922 0.035112
1 0.713135 0.282303 0.014504 0.042135
1 0.736100 0.277388 0.018533 0.026685
1 0.757051 0.285112 0.018533 0.042135
1 0.794521 0.242275 0.016116 0.029494
1 0.823529 0.258427 0.020951 0.033708
1 0.801773 0.292837 0.022562 0.032303
1 0.834408 0.306180 0.018533 0.039326
1 0.848912 0.263343 0.015310 0.040730
1 0.856567 0.252809 0.014504 0.047753
1 0.806608 0.337079 0.017728 0.042135
1 0.787671 0.359551 0.021757 0.042135
1 0.848106 0.365871 0.024980 0.054775
1 0.802176 0.480337 0.029815 0.070225
1 0.877921 0.282303 0.016922 0.036517
1 0.867849 0.320225 0.017728 0.039326
1 0.916600 0.264747 0.020145 0.037921
1 0.874698 0.392556 0.023368 0.046348
1 0.902498 0.359551 0.016116 0.050562
1 0.916197 0.310393 0.016116 0.022472
1 0.894037 0.457163 0.031426 0.068820
1 0.507655 0.247191 0.020951 0.022472
1 0.726430 0.252107 0.018533 0.037921
1 0.804996 0.271067 0.016116 0.036517
1 0.914988 0.325843 0.018533 0.064607
1 0.832393 0.444522 0.027397 0.063202
1 0.564464 0.241573 0.012087 0.030899
1 0.464142 0.267556 0.019339 0.035112
1 0.435939 0.303371 0.019339 0.039326