1 0.185634 0.408264 0.042910 0.079339
1 0.278451 0.257851 0.021455 0.029752
1 0.288713 0.276860 0.021455 0.041322
1 0.358675 0.262810 0.015858 0.033058
1 0.373134 0.282645 0.018657 0.036364
1 0.378731 0.232231 0.016791 0.028099
1 0.371269 0.198347 0.016791 0.033058
1 0.397854 0.199174 0.013993 0.028099
1 0.404851 0.161983 0.014925 0.026446
1 0.428172 0.179339 0.016791 0.031405
1 0.455690 0.155372 0.013993 0.026446
1 0.471549 0.158678 0.013993 0.026446
1 0.484142 0.171901 0.016791 0.026446
1 0.455690 0.184298 0.019590 0.034711
1 0.447761 0.231405 0.018657 0.042975
1 0.480877 0.232231 0.021455 0.041322
1 0.507929 0.177686 0.017724 0.034711
1 0.517257 0.202479 0.017724 0.034711
1 0.516791 0.154545 0.014925 0.024793
1 0.517257 0.125620 0.012127 0.026446
1 0.536381 0.132231 0.014925 0.023140
1 0.555970 0.126446 0.013060 0.024793
1 0.569496 0.133058 0.013993 0.024793
1 0.562966 0.181818 0.015858 0.029752
1 0.555970 0.166942 0.013060 0.023140
1 0.590019 0.133058 0.013993 0.031405
1 0.599813 0.098347 0.011194 0.024793
1 0.621735 0.105785 0.010261 0.019835
1 0.632463 0.107438 0.011194 0.019835
1 0.611474 0.134711 0.013993 0.024793
1 0.649254 0.116529 0.013060 0.021488
1 0.648321 0.138843 0.014925 0.026446
1 0.679571 0.107438 0.012127 0.026446
1 0.702892 0.103306 0.012127 0.024793
1 0.688433 0.152893 0.014925 0.024793
1 0.665578 0.175207 0.017724 0.029752
1 0.624067 0.207438 0.016791 0.034711
1 0.613340 0.161157 0.017724 0.024793
1 0.571828 0.163636 0.014925 0.023140
1 0.628731 0.248760 0.020522 0.038017
1 0.557836 0.257851 0.018657 0.036364
1 0.504664 0.300000 0.027985 0.054545
1 0.544310 0.322314 0.025187 0.042975
1 0.621735 0.321488 0.028918 0.051240
1 0.673974 0.214876 0.021455 0.039669
1 0.701026 0.185124 0.021455 0.039669
1 0.728545 0.164463 0.014925 0.028099
1 0.730877 0.122314 0.015858 0.029752
1 0.745802 0.133058 0.013993 0.031405
1 0.771922 0.129752 0.012127 0.024793
1 0.789646 0.142149 0.013993 0.029752
1 0.729944 0.198347 0.021455 0.039669
1 0.707090 0.240496 0.020522 0.038017
1 0.687500 0.346281 0.029851 0.057851
1 0.719683 0.271074 0.021455 0.046281
1 0.760728 0.217355 0.019590 0.041322
1 0.777519 0.204959 0.017724 0.042975
1 0.817631 0.152893 0.015858 0.031405
1 0.838153 0.138017 0.015858 0.031405
1 0.869403 0.119008 0.011194 0.026446
1 0.864272 0.147107 0.013993 0.026446
1 0.856343 0.171901 0.018657 0.039669
1 0.832090 0.196694 0.020522 0.046281
1 0.815299 0.258678 0.022388 0.047934
1 0.779384 0.285124 0.025187 0.054545
1 0.745336 0.382645 0.029851 0.071074
1 0.807369 0.411570 0.030784 0.062810
1 0.895989 0.352066 0.028918 0.052893
1 0.848414 0.304959 0.025187 0.054545
1 0.868937 0.248760 0.019590 0.038017
1 0.880131 0.207438 0.017724 0.034711
1 0.925373 0.267769 0.018657 0.039669
1 0.923974 0.216529 0.013993 0.046281
1 0.897854 0.174380 0.017724 0.031405
1 0.931903 0.160331 0.013060 0.026446