0 0.044471 0.451923 0.064904 0.072115
0 0.140625 0.437500 0.045673 0.062500
0 0.233173 0.436298 0.052885 0.069712
0 0.289663 0.430288 0.040865 0.062500
0 0.417067 0.423077 0.050481 0.072115
0 0.463942 0.420673 0.033654 0.062500
0 0.515625 0.423077 0.050481 0.067308
0 0.578125 0.451923 0.021635 0.028846
0 0.599760 0.435096 0.021635 0.033654
0 0.628606 0.429087 0.026442 0.036058
0 0.665865 0.394231 0.052885 0.072115
0 0.733173 0.429087 0.048077 0.064904
0 0.784856 0.419471 0.036058 0.055288
0 0.888221 0.407452 0.055288 0.079327
0 0.929087 0.419471 0.026442 0.040865