1 0.101224 0.546980 0.045714 0.114094
1 0.208980 0.268456 0.017959 0.053691
1 0.220000 0.280201 0.020408 0.053691
1 0.266531 0.239933 0.018776 0.046980
1 0.284082 0.244128 0.021224 0.052013
1 0.298776 0.214765 0.019592 0.053691
1 0.326939 0.236577 0.018776 0.063758
1 0.341633 0.208054 0.017143 0.046980
1 0.356735 0.194631 0.016327 0.036913
1 0.365306 0.259228 0.023673 0.052013
1 0.387347 0.239933 0.018776 0.043624
1 0.382449 0.187081 0.015510 0.041946
1 0.421633 0.196309 0.017143 0.043624
1 0.428980 0.170302 0.015510 0.041946
1 0.433061 0.295302 0.023673 0.053691
1 0.464490 0.243289 0.021224 0.053691
1 0.447347 0.166946 0.013061 0.031879
1 0.473061 0.171141 0.018776 0.040268
1 0.486939 0.155201 0.018776 0.035235
1 0.490204 0.206376 0.018776 0.040268
1 0.513878 0.172819 0.020408 0.043624
1 0.521224 0.158557 0.012245 0.035235
1 0.549388 0.225671 0.016327 0.045302
1 0.563673 0.216443 0.017143 0.040268
1 0.550204 0.135067 0.014694 0.031879
1 0.553878 0.159396 0.015510 0.036913
1 0.576735 0.135067 0.017143 0.035235
1 0.577551 0.171980 0.015510 0.038591
1 0.595102 0.119128 0.014694 0.033557
1 0.602449 0.156040 0.014694 0.033557
1 0.607755 0.178691 0.015510 0.041946
1 0.618367 0.199664 0.017143 0.043624
1 0.626531 0.132550 0.013878 0.036913
1 0.653469 0.150168 0.013878 0.038591
1 0.657143 0.182047 0.013061 0.035235
1 0.655918 0.245805 0.022041 0.058725
1 0.608980 0.295302 0.021224 0.057047
1 0.571020 0.333054 0.025306 0.062081
1 0.602857 0.369128 0.026939 0.063758
1 0.657143 0.397651 0.029388 0.063758
1 0.715510 0.421141 0.030204 0.067114
1 0.793878 0.444631 0.031837 0.093960
1 0.870612 0.495805 0.031837 0.082215
1 0.881633 0.414430 0.022857 0.067114
1 0.662857 0.130034 0.014694 0.035235
1 0.687755 0.140101 0.013878 0.038591
1 0.710612 0.156040 0.013878 0.040268
1 0.694286 0.213926 0.017143 0.048658
1 0.722041 0.256711 0.023673 0.050336
1 0.739592 0.228188 0.019592 0.043624
1 0.747347 0.194631 0.015510 0.036913
1 0.769388 0.184564 0.015510 0.040268
1 0.777959 0.204698 0.016327 0.046980
1 0.752245 0.290268 0.022041 0.053691
1 0.797143 0.244128 0.018776 0.052013
1 0.806531 0.192953 0.016327 0.040268
1 0.820816 0.226510 0.017143 0.036913
1 0.814286 0.295302 0.018776 0.060403
1 0.841633 0.213926 0.017959 0.038591
1 0.871020 0.231544 0.014694 0.036913
1 0.892653 0.230705 0.013878 0.045302
1 0.902041 0.259228 0.014694 0.041946
1 0.931429 0.269295 0.014694 0.041946
1 0.951020 0.244128 0.014694 0.041946
1 0.984490 0.262584 0.014694 0.038591
1 0.975918 0.314597 0.015510 0.052013
1 0.975102 0.362416 0.017143 0.053691
1 0.941633 0.380034 0.022041 0.065436
1 0.926939 0.325503 0.015510 0.057047
1 0.886122 0.294463 0.017143 0.048658
1 0.861224 0.338087 0.021224 0.048658
1 0.868980 0.318792 0.022041 0.050336
1 0.960000 0.437919 0.024490 0.063758