1 0.045673 0.432692 0.019231 0.024038
1 0.159856 0.439904 0.007212 0.009615
1 0.169471 0.447115 0.007212 0.009615
1 0.098558 0.449519 0.062500 0.072115
1 0.216346 0.447115 0.043269 0.043269
1 0.271635 0.451923 0.048077 0.062500
1 0.335337 0.429087 0.040865 0.060096
1 0.366587 0.439904 0.084135 0.091346
1 0.407452 0.409856 0.055288 0.069712
1 0.457933 0.441106 0.045673 0.040865
1 0.737981 0.425481 0.019231 0.019231
1 0.840144 0.425481 0.016827 0.024038
1 0.656250 0.431490 0.048077 0.060096
1 0.777644 0.436298 0.055288 0.074519
1 0.972356 0.415865 0.055288 0.105769