1 0.053443 0.315596 0.024666 0.047706
1 0.315519 0.232110 0.018499 0.038532
1 0.318602 0.191743 0.016444 0.031193
1 0.346865 0.199083 0.015416 0.031193
1 0.410586 0.160550 0.013361 0.031193
1 0.401850 0.206422 0.018499 0.031193
1 0.443474 0.214679 0.019527 0.036697
1 0.438335 0.166972 0.017472 0.033028
1 0.445529 0.153211 0.015416 0.027523
1 0.463515 0.129358 0.014388 0.027523
1 0.486639 0.136697 0.009250 0.016514
1 0.500514 0.120183 0.012333 0.023853
1 0.516444 0.127523 0.015416 0.023853
1 0.548304 0.122936 0.013361 0.025688
1 0.586845 0.111009 0.012333 0.027523
1 0.610483 0.103670 0.012333 0.027523
1 0.628983 0.097248 0.012333 0.029358
1 0.492806 0.225688 0.025694 0.044037
1 0.471737 0.163303 0.016444 0.033028
1 0.500514 0.159633 0.018499 0.033028
1 0.534943 0.156881 0.013361 0.031193
1 0.562693 0.157798 0.019527 0.029358
1 0.558068 0.188073 0.024666 0.034862
1 0.526721 0.269725 0.025694 0.051376
1 0.573998 0.292661 0.025694 0.045872
1 0.616650 0.290826 0.024666 0.053211
1 0.675745 0.323853 0.033916 0.067890
1 0.590956 0.238532 0.020555 0.040367
1 0.634635 0.207339 0.021583 0.044037
1 0.582734 0.174312 0.018499 0.040367
1 0.597636 0.141284 0.017472 0.025688
1 0.626413 0.145872 0.015416 0.027523
1 0.636691 0.119266 0.011305 0.025688
1 0.652107 0.124771 0.013361 0.025688
1 0.659815 0.112844 0.010277 0.023853
1 0.681398 0.111927 0.012333 0.025688
1 0.684481 0.128440 0.014388 0.025688
1 0.701953 0.122936 0.012333 0.025688
1 0.707605 0.159633 0.015416 0.033028
1 0.720966 0.136697 0.015416 0.031193
1 0.751799 0.131193 0.017472 0.031193
1 0.759507 0.129358 0.010277 0.020183
1 0.782117 0.136697 0.016444 0.031193
1 0.742549 0.168807 0.015416 0.029358
1 0.770812 0.183486 0.018499 0.036697
1 0.700925 0.210092 0.016444 0.031193
1 0.719938 0.230275 0.023638 0.042202
1 0.664440 0.211927 0.021583 0.038532
1 0.676259 0.245872 0.022610 0.040367
1 0.796506 0.195413 0.018499 0.038532
1 0.807297 0.165138 0.011305 0.022018
1 0.814491 0.188073 0.017472 0.031193
1 0.824769 0.174312 0.013361 0.033028
1 0.845324 0.147706 0.013361 0.027523
1 0.838129 0.187156 0.015416 0.036697
1 0.862282 0.181651 0.012333 0.033028
1 0.872559 0.158716 0.014388 0.031193
1 0.880267 0.151376 0.013361 0.027523
1 0.900308 0.159633 0.012333 0.033028
1 0.908530 0.173394 0.016444 0.027523
1 0.894656 0.179817 0.015416 0.029358
1 0.934738 0.200000 0.017472 0.044037
1 0.946043 0.185321 0.013361 0.033028
1 0.887461 0.210092 0.015416 0.023853
1 0.875642 0.238532 0.022610 0.055046
1 0.853546 0.222936 0.017472 0.038532
1 0.927030 0.277064 0.020555 0.044037
1 0.903392 0.331193 0.024666 0.056881
1 0.843782 0.306422 0.020555 0.051376
1 0.832477 0.358716 0.028777 0.060550
1 0.779548 0.270642 0.023638 0.053211
1 0.810894 0.262385 0.022610 0.058716
1 0.734841 0.415596 0.034943 0.060550
1 0.640802 0.267890 0.027749 0.051376