0 0.028846 0.342169 0.052885 0.072289
0 0.173077 0.307229 0.072115 0.103614
0 0.257212 0.321687 0.062500 0.089157
0 0.347356 0.321687 0.069712 0.089157
0 0.444712 0.328916 0.062500 0.089157
0 0.524038 0.334940 0.076923 0.106024
0 0.608173 0.319277 0.072115 0.093976
0 0.751202 0.303614 0.064904 0.091566
0 0.835337 0.327711 0.122596 0.120482
0 0.978365 0.387952 0.038462 0.053012
0 0.606971 0.030120 0.064904 0.055422
0 0.757212 0.039759 0.076923 0.074699
0 0.344952 0.026506 0.069712 0.048193
0 0.171875 0.039759 0.079327 0.074699
0 0.252404 0.025301 0.057692 0.045783