0 0.790865 0.455529 0.028846 0.045673
1 0.764423 0.497596 0.043269 0.038462
0 0.715144 0.459135 0.031250 0.048077
1 0.667067 0.471154 0.036058 0.043269
0 0.593750 0.442308 0.028846 0.038462
1 0.562500 0.472356 0.033654 0.045673
1 0.534856 0.450721 0.036058 0.040865
1 0.503606 0.448317 0.026442 0.031250
1 0.425481 0.465144 0.043269 0.055288
0 0.317308 0.455529 0.038462 0.045673
1 0.884615 0.466346 0.019231 0.024038
1 0.959135 0.469952 0.024038 0.026442
0 0.221154 0.451923 0.043269 0.048077
1 0.294471 0.474760 0.031250 0.050481
1 0.268029 0.479567 0.064904 0.060096