1 0.085809 0.263366 0.022002 0.039604
1 0.201870 0.169307 0.014301 0.037624
1 0.385039 0.164356 0.013201 0.031683
1 0.415842 0.224752 0.017602 0.029703
1 0.453795 0.235644 0.014301 0.035644
1 0.518152 0.194059 0.017602 0.043564
1 0.561606 0.198020 0.023102 0.047525
1 0.504400 0.116832 0.009901 0.023762
1 0.578658 0.122772 0.013201 0.027723
1 0.623762 0.270297 0.024202 0.049505
1 0.788229 0.227723 0.018702 0.039604
1 0.813531 0.278218 0.020902 0.049505
1 0.924642 0.269307 0.014301 0.035644
1 0.937844 0.198020 0.016502 0.035644