1 0.124898 0.476052 0.041497 0.084180
1 0.233116 0.346154 0.018714 0.039187
1 0.266477 0.350508 0.018714 0.042090
1 0.297803 0.365022 0.019528 0.042090
1 0.288039 0.310595 0.017901 0.040639
1 0.343775 0.367925 0.023596 0.047896
1 0.364931 0.332366 0.015460 0.034833
1 0.360049 0.297533 0.015460 0.037736
1 0.388934 0.341074 0.017901 0.034833
1 0.410903 0.338897 0.019528 0.036284
1 0.441823 0.349782 0.021155 0.043541
1 0.398291 0.261974 0.013832 0.033382
1 0.411717 0.302612 0.016273 0.033382
1 0.439788 0.310595 0.017087 0.034833
1 0.472742 0.309869 0.017901 0.036284
1 0.419447 0.272134 0.013832 0.030479
1 0.427990 0.262700 0.013019 0.026125
1 0.432059 0.282293 0.014646 0.033382
1 0.465012 0.248911 0.013832 0.030479
1 0.471522 0.243832 0.012205 0.034833
1 0.471115 0.269956 0.014646 0.031930
1 0.499593 0.269956 0.016273 0.037736
1 0.509357 0.261974 0.013019 0.033382
1 0.519121 0.285922 0.016273 0.043541
1 0.510985 0.320029 0.017901 0.036284
1 0.505696 0.384615 0.028478 0.060958
1 0.547600 0.408563 0.027665 0.056604
1 0.542718 0.375181 0.021155 0.047896
1 0.538649 0.256168 0.014646 0.036284
1 0.560212 0.224238 0.012205 0.027576
1 0.570789 0.226415 0.012205 0.026125
1 0.564280 0.255443 0.015460 0.034833
1 0.564280 0.280842 0.015460 0.039187
1 0.604557 0.258345 0.014646 0.034833
1 0.606184 0.227866 0.011391 0.031930
1 0.612286 0.210450 0.010578 0.031930
1 0.628967 0.224964 0.013019 0.029028
1 0.636697 0.251089 0.012205 0.031930
1 0.659886 0.222061 0.013019 0.026125
1 0.672498 0.231495 0.013832 0.030479
1 0.690399 0.230769 0.013832 0.031930
1 0.669243 0.278665 0.018714 0.040639
1 0.600895 0.328737 0.023596 0.044993
1 0.635476 0.310595 0.019528 0.040639
1 0.646867 0.347605 0.021155 0.050798
1 0.665989 0.371553 0.025224 0.055152
1 0.691212 0.358491 0.020342 0.052250
1 0.611880 0.428157 0.030919 0.063861
1 0.670464 0.449202 0.035801 0.065312
1 0.703417 0.262700 0.013832 0.037736
1 0.721725 0.288824 0.016273 0.034833
1 0.743287 0.227866 0.012205 0.031930
1 0.746949 0.273585 0.013019 0.036284
1 0.763629 0.286647 0.013832 0.039187
1 0.782750 0.272859 0.014646 0.034833
1 0.779902 0.240203 0.013832 0.033382
1 0.809194 0.253266 0.012205 0.033382
1 0.838487 0.266328 0.012205 0.036284
1 0.855574 0.269956 0.012205 0.034833
1 0.871033 0.263425 0.012205 0.033382
1 0.893409 0.295356 0.014646 0.042090
1 0.932465 0.288099 0.011391 0.030479
1 0.930024 0.316401 0.013019 0.031930
1 0.925956 0.359216 0.017901 0.036284
1 0.853539 0.284470 0.014646 0.031930
1 0.886493 0.322932 0.017087 0.036284
1 0.844996 0.309869 0.015460 0.036284
1 0.814890 0.306967 0.017087 0.036284
1 0.812449 0.282293 0.013832 0.033382
1 0.864524 0.345428 0.017087 0.049347
1 0.808381 0.352685 0.018714 0.043541
1 0.807567 0.368650 0.020342 0.043541
1 0.914972 0.402032 0.023596 0.055152
1 0.855167 0.417997 0.022783 0.052250
1 0.907648 0.468795 0.028478 0.066763
1 0.844182 0.448476 0.025224 0.049347
1 0.740846 0.404935 0.028478 0.055152
1 0.785191 0.412917 0.027665 0.056604
1 0.801465 0.497097 0.030919 0.059507
1 0.709113 0.516691 0.038242 0.081277