1 0.192651 0.339539 0.041708 0.076241
1 0.270606 0.226064 0.016882 0.037234
1 0.320755 0.247340 0.019861 0.040780
1 0.337140 0.201241 0.016882 0.033688
1 0.353029 0.201241 0.014896 0.026596
1 0.366931 0.206560 0.014896 0.033688
1 0.376862 0.185284 0.012910 0.030142
1 0.398213 0.176418 0.017875 0.030142
1 0.424528 0.153369 0.014896 0.030142
1 0.419563 0.192376 0.014896 0.026596
1 0.418570 0.222518 0.018868 0.037234
1 0.408640 0.273936 0.018868 0.037234
1 0.441907 0.219858 0.017875 0.039007
1 0.459285 0.139184 0.010924 0.023050
1 0.479643 0.151596 0.013903 0.026596
1 0.470705 0.186170 0.017875 0.035461
1 0.482622 0.239362 0.019861 0.042553
1 0.500000 0.199468 0.016882 0.033688
1 0.514399 0.175532 0.013903 0.028369
1 0.534260 0.207447 0.019861 0.039007
1 0.503476 0.149823 0.011917 0.023050
1 0.492056 0.132979 0.008937 0.014184
1 0.503476 0.132092 0.007944 0.015957
1 0.515889 0.134752 0.010924 0.021277
1 0.530785 0.140957 0.012910 0.023050
1 0.546177 0.144504 0.011917 0.030142
1 0.556107 0.141844 0.009930 0.021277
1 0.579444 0.186170 0.016882 0.031915
1 0.574975 0.138298 0.011917 0.024823
1 0.582920 0.121454 0.011917 0.019504
1 0.592354 0.139184 0.014896 0.030142
1 0.606753 0.115248 0.011917 0.021277
1 0.614201 0.109929 0.010924 0.017730
1 0.631579 0.103723 0.011917 0.019504
1 0.626614 0.115248 0.009930 0.021277
1 0.617676 0.137411 0.011917 0.026596
1 0.616187 0.169326 0.014896 0.030142
1 0.649950 0.140957 0.012910 0.030142
1 0.650943 0.107270 0.010924 0.019504
1 0.663357 0.116135 0.011917 0.030142
1 0.683217 0.123227 0.011917 0.030142
1 0.707547 0.114362 0.010924 0.023050
1 0.722939 0.140071 0.011917 0.024823
1 0.701589 0.168440 0.010924 0.021277
1 0.698113 0.195035 0.015889 0.039007
1 0.658391 0.182624 0.013903 0.028369
1 0.667329 0.217199 0.019861 0.033688
1 0.622642 0.212766 0.015889 0.035461
1 0.628103 0.262411 0.018868 0.046099
1 0.662860 0.271277 0.018868 0.049645
1 0.571996 0.280142 0.021847 0.049645
1 0.565045 0.265071 0.017875 0.033688
1 0.722939 0.282801 0.021847 0.047872
1 0.759186 0.260638 0.016882 0.042553
1 0.792949 0.286348 0.020854 0.054965
1 0.842602 0.301418 0.020854 0.049645
1 0.887289 0.321809 0.022840 0.054965
1 0.910626 0.279255 0.017875 0.047872
1 0.855511 0.257979 0.020854 0.044326
1 0.837637 0.234929 0.012910 0.037234
1 0.783515 0.212766 0.015889 0.031915
1 0.749255 0.219858 0.016882 0.031915
1 0.741311 0.182624 0.012910 0.024823
1 0.756207 0.157801 0.014896 0.028369
1 0.771102 0.132979 0.012910 0.028369
1 0.790963 0.155142 0.012910 0.030142
1 0.801887 0.150709 0.008937 0.017730
1 0.813803 0.143617 0.012910 0.024823
1 0.820755 0.171986 0.010924 0.028369
1 0.832175 0.156915 0.013903 0.030142
1 0.846574 0.154255 0.010924 0.024823
1 0.836147 0.192376 0.013903 0.030142
1 0.853029 0.193262 0.011917 0.028369
1 0.864945 0.174645 0.013903 0.033688
1 0.879345 0.152482 0.010924 0.024823
1 0.904667 0.163121 0.009930 0.024823
1 0.892254 0.203014 0.012910 0.033688
1 0.899206 0.183511 0.010924 0.026596
1 0.934955 0.176418 0.010924 0.026596
1 0.928004 0.206560 0.010924 0.023050
1 0.941410 0.210106 0.011917 0.023050
1 0.920556 0.234929 0.011917 0.030142
1 0.940914 0.258865 0.016882 0.049645