1 0.066106 0.346154 0.108173 0.120192
1 0.162260 0.338942 0.045673 0.076923
1 0.231971 0.356971 0.122596 0.141827
1 0.337740 0.358173 0.074519 0.096154
1 0.396635 0.401442 0.057692 0.076923
1 0.462740 0.378606 0.045673 0.040865
1 0.399038 0.349760 0.048077 0.031250
1 0.525240 0.387019 0.036058 0.033654
1 0.568510 0.338942 0.060096 0.091346
1 0.625000 0.342548 0.081731 0.108173
1 0.699519 0.376202 0.067308 0.069712
1 0.789663 0.395433 0.031250 0.064904
1 0.828125 0.356971 0.079327 0.084135
1 0.900240 0.414663 0.088942 0.098558