1 0.082538 0.333052 0.018130 0.035413
1 0.129771 0.304384 0.020992 0.045531
1 0.191317 0.496627 0.041031 0.096121
1 0.219943 0.278246 0.029580 0.057336
1 0.298187 0.278246 0.025763 0.057336
1 0.333492 0.265599 0.020038 0.042159
1 0.371183 0.265599 0.026718 0.052277
1 0.433683 0.220067 0.018130 0.038786
1 0.454198 0.232715 0.019084 0.043845
1 0.433206 0.275717 0.024809 0.048904
1 0.492844 0.318718 0.031489 0.060708
1 0.550095 0.362563 0.027672 0.057336
1 0.720420 0.145868 0.015267 0.035413
1 0.754294 0.150084 0.018130 0.033727
1 0.890744 0.220067 0.020038 0.048904