1 0.166201 0.351261 0.038175 0.080672
1 0.261173 0.280672 0.019553 0.030252
1 0.296555 0.264706 0.023277 0.035294
1 0.317505 0.220168 0.016760 0.033613
1 0.331006 0.238655 0.021415 0.033613
1 0.345438 0.210924 0.018622 0.031933
1 0.354283 0.235294 0.019553 0.033613
1 0.376164 0.219328 0.018622 0.028571
1 0.384544 0.194118 0.020484 0.035294
1 0.410615 0.170588 0.016760 0.028571
1 0.421322 0.185714 0.021415 0.028571
1 0.453911 0.172269 0.019553 0.035294
1 0.447858 0.185714 0.016760 0.028571
1 0.431099 0.210924 0.016760 0.025210
1 0.468808 0.149580 0.013966 0.026891
1 0.485102 0.132773 0.011173 0.023529
1 0.500466 0.147899 0.013966 0.026891
1 0.523277 0.123529 0.013035 0.025210
1 0.556331 0.110924 0.012104 0.020168
1 0.567970 0.121849 0.018622 0.025210
1 0.594507 0.112605 0.012104 0.020168
1 0.625698 0.089076 0.011173 0.023529
1 0.631750 0.108403 0.015829 0.035294
1 0.646182 0.091597 0.011173 0.025210
1 0.660615 0.051261 0.015829 0.028571
1 0.614991 0.143697 0.019553 0.035294
1 0.572626 0.171429 0.022346 0.040336
1 0.515829 0.199160 0.026071 0.048739
1 0.482775 0.202521 0.017691 0.031933
1 0.457169 0.222689 0.022346 0.035294
1 0.468343 0.248739 0.026071 0.043697
1 0.438547 0.247899 0.027933 0.038655
1 0.350559 0.273950 0.027002 0.036975
1 0.505587 0.282353 0.027933 0.053782
1 0.568436 0.245378 0.021415 0.043697
1 0.533054 0.346218 0.025140 0.050420
1 0.590317 0.348739 0.029795 0.065546
1 0.606611 0.266387 0.023277 0.055462
1 0.634078 0.207563 0.020484 0.042017
1 0.661546 0.205042 0.021415 0.047059
1 0.670857 0.176471 0.019553 0.036975
1 0.687151 0.182353 0.020484 0.031933
1 0.687151 0.211765 0.022346 0.043697
1 0.672719 0.116807 0.015829 0.028571
1 0.721136 0.140336 0.017691 0.035294
1 0.735568 0.121008 0.014898 0.033613
1 0.755121 0.102521 0.014898 0.036975
1 0.758380 0.122689 0.012104 0.023529
1 0.779330 0.118487 0.011173 0.031933
1 0.790037 0.134454 0.015829 0.036975
1 0.806331 0.132773 0.014898 0.023529
1 0.828212 0.135294 0.013966 0.038655
1 0.849628 0.146218 0.012104 0.040336
1 0.859870 0.139496 0.015829 0.036975
1 0.881750 0.154622 0.011173 0.030252
1 0.895251 0.139496 0.010242 0.033613
1 0.925978 0.152941 0.015829 0.026891
1 0.888268 0.168067 0.016760 0.036975
1 0.849162 0.191597 0.020484 0.030252
1 0.923184 0.188235 0.015829 0.033613
1 0.916667 0.218487 0.017691 0.036975
1 0.871508 0.241176 0.016760 0.035294
1 0.909218 0.259664 0.023277 0.045378
1 0.804469 0.254622 0.020484 0.048739
1 0.788641 0.182353 0.020484 0.035294
1 0.753259 0.172269 0.016760 0.031933
1 0.742551 0.195798 0.025140 0.042017
1 0.753724 0.257983 0.027002 0.052101
1 0.734171 0.295798 0.027002 0.053782
1 0.784916 0.310084 0.027933 0.052101
1 0.673184 0.337815 0.033520 0.057143
1 0.377095 0.251261 0.018622 0.028571
1 0.658752 0.299160 0.030726 0.043697