0 0.205529 0.471084 0.088942 0.122892
0 0.373798 0.692771 0.165865 0.185542
0 0.286058 0.444578 0.067308 0.108434
0 0.294471 0.278313 0.036058 0.093976
0 0.293269 0.066265 0.033654 0.089157
0 0.475962 0.081928 0.052885 0.081928
0 0.419471 0.319277 0.055288 0.093976
0 0.475962 0.267470 0.043269 0.086747
0 0.606971 0.601205 0.112981 0.146988
0 0.795673 0.450602 0.072115 0.101205
0 0.884615 0.569880 0.120192 0.093976
0 0.473558 0.426506 0.062500 0.086747
0 0.725962 0.256627 0.019231 0.093976
0 0.724760 0.086747 0.026442 0.086747
0 0.171875 0.269880 0.016827 0.024096