0 0.591566 0.759615 0.060241 0.062500
0 0.459036 0.752404 0.031325 0.048077
0 0.389157 0.731971 0.040964 0.045673
0 0.531325 0.294471 0.026506 0.040865
1 0.097590 0.719952 0.021687 0.021635
1 0.232530 0.719952 0.021687 0.021635
1 0.019277 0.735577 0.019277 0.024038
1 0.072289 0.711538 0.014458 0.019231
1 0.132530 0.704327 0.024096 0.024038
1 0.532530 0.733173 0.019277 0.019231
1 0.269880 0.736779 0.024096 0.021635
1 0.255422 0.710337 0.019277 0.021635
1 0.196386 0.703125 0.021687 0.021635
1 0.331325 0.718750 0.016867 0.019231
1 0.313253 0.735577 0.014458 0.024038
1 0.298795 0.722356 0.019277 0.021635
1 0.771084 0.734375 0.014458 0.016827
1 0.893976 0.734375 0.014458 0.016827
1 0.915663 0.737981 0.014458 0.019231
1 0.973494 0.742788 0.024096 0.019231
1 0.692771 0.740385 0.026506 0.019231
1 0.751807 0.737981 0.019277 0.019231
1 0.060241 0.735577 0.019277 0.019231
1 0.349398 0.718750 0.019277 0.019231