0 0.108173 0.444712 0.110577 0.110577
0 0.372596 0.468750 0.072115 0.091346
0 0.419471 0.480769 0.045673 0.072115
0 0.468750 0.489183 0.052885 0.060096
0 0.495192 0.474760 0.048077 0.055288
1 0.519231 0.495192 0.028846 0.033654
1 0.563702 0.485577 0.031250 0.033654
0 0.603365 0.500000 0.038462 0.043269
1 0.653846 0.501202 0.033654 0.036058
0 0.681490 0.502404 0.021635 0.028846
0 0.723558 0.496394 0.038462 0.040865
0 0.787260 0.504808 0.026442 0.028846
0 0.824519 0.497596 0.024038 0.043269
0 0.847356 0.498798 0.031250 0.040865
0 0.893029 0.496394 0.031250 0.036058
0 0.937500 0.502404 0.043269 0.043269