0 0.913462 0.640964 0.009615 0.014458
0 0.847356 0.640964 0.012019 0.014458
0 0.834135 0.731325 0.009615 0.016867
0 0.978365 0.720482 0.043269 0.067470
0 0.978365 0.950602 0.043269 0.055422
0 0.927885 0.900000 0.076923 0.074699
0 0.929087 0.769880 0.074519 0.074699
1 0.792067 0.718072 0.040865 0.038554
1 0.795673 0.951807 0.038462 0.043373
0 0.650240 0.637349 0.055288 0.055422
0 0.579327 0.614458 0.043269 0.048193
0 0.539663 0.607229 0.040865 0.053012
0 0.419471 0.618072 0.040865 0.045783
0 0.395433 0.593976 0.026442 0.036145
0 0.221154 0.672289 0.043269 0.038554
0 0.125000 0.672289 0.048077 0.048193
0 0.019231 0.692771 0.033654 0.050602
0 0.438702 0.445783 0.021635 0.033735
0 0.394231 0.465060 0.024038 0.028916
0 0.289663 0.356627 0.026442 0.033735
0 0.222356 0.198795 0.031250 0.031325
0 0.221154 0.132530 0.028846 0.028916
0 0.492788 0.700000 0.052885 0.055422
0 0.382212 0.522892 0.038462 0.038554
0 0.467548 0.510843 0.026442 0.038554
0 0.506010 0.540964 0.036058 0.040964
0 0.788462 0.437349 0.014423 0.021687
1 0.963942 0.668675 0.009615 0.012048