1 0.033459 0.396259 0.021678 0.057823
1 0.263902 0.296769 0.015080 0.035714
1 0.293591 0.285714 0.017908 0.030612
1 0.304430 0.267857 0.018850 0.035714
1 0.318567 0.227041 0.015080 0.028912
1 0.349670 0.241497 0.016965 0.034014
1 0.392083 0.211735 0.018850 0.035714
1 0.376060 0.242347 0.020735 0.032313
1 0.342601 0.294218 0.017908 0.034014
1 0.415174 0.182823 0.014138 0.025510
1 0.427427 0.196429 0.019793 0.025510
1 0.457116 0.161565 0.016965 0.023810
1 0.483035 0.158163 0.012253 0.027211
1 0.488690 0.172619 0.016023 0.028912
1 0.508954 0.157313 0.013195 0.018707
1 0.540528 0.143707 0.017908 0.028912
1 0.561263 0.124150 0.012253 0.023810
1 0.600848 0.107143 0.014138 0.027211
1 0.596607 0.126701 0.013195 0.025510
1 0.621583 0.113946 0.014138 0.023810
1 0.652686 0.109694 0.010368 0.022109
1 0.649387 0.134354 0.016965 0.030612
1 0.620641 0.151361 0.019793 0.034014
1 0.578699 0.170068 0.018850 0.034014
1 0.563148 0.169218 0.021678 0.025510
1 0.549010 0.207483 0.019793 0.034014
1 0.495759 0.207483 0.016965 0.027211
1 0.473139 0.210034 0.016965 0.032313
1 0.463713 0.204932 0.016965 0.032313
1 0.431668 0.229592 0.016965 0.030612
1 0.435910 0.274660 0.021678 0.042517
1 0.471725 0.246599 0.021678 0.037415
1 0.482564 0.316327 0.024505 0.040816
1 0.549010 0.309524 0.025448 0.054422
1 0.612630 0.347789 0.032045 0.049320
1 0.687088 0.343537 0.024505 0.051020
1 0.636192 0.207483 0.018850 0.037415
1 0.621112 0.274660 0.024505 0.042517
1 0.570217 0.250000 0.028275 0.051020
1 0.680961 0.127551 0.014138 0.027211
1 0.706409 0.104592 0.012253 0.032313
1 0.744109 0.130102 0.014138 0.035714
1 0.760603 0.120748 0.015080 0.027211
1 0.773327 0.141156 0.019793 0.030612
1 0.787465 0.125850 0.014138 0.037415
1 0.807257 0.141156 0.016023 0.030612
1 0.827992 0.128401 0.012253 0.035714
1 0.841188 0.146259 0.014138 0.037415
1 0.873704 0.134354 0.015080 0.027211
1 0.905278 0.136054 0.010368 0.030612
1 0.874175 0.161565 0.016023 0.037415
1 0.862394 0.172619 0.016965 0.042517
1 0.855796 0.205782 0.020735 0.040816
1 0.831762 0.175170 0.016023 0.034014
1 0.806786 0.187925 0.016965 0.035714
1 0.775683 0.174320 0.022620 0.032313
1 0.754948 0.162415 0.016965 0.035714
1 0.934967 0.152211 0.011310 0.028912
1 0.940151 0.181973 0.017908 0.030612
1 0.933082 0.219388 0.020735 0.037415
1 0.898209 0.212585 0.016965 0.034014
1 0.906221 0.177721 0.019793 0.032313
1 0.875589 0.243197 0.022620 0.040816
1 0.931668 0.296769 0.023563 0.059524
1 0.823280 0.233844 0.023563 0.056122
1 0.765787 0.233844 0.023563 0.052721
1 0.741753 0.207483 0.016965 0.044218
1 0.717248 0.150510 0.015080 0.039116
1 0.698869 0.166667 0.019793 0.037415
1 0.664467 0.182823 0.016965 0.032313
1 0.668238 0.214286 0.016965 0.051020
1 0.706409 0.225340 0.021678 0.042517
1 0.664939 0.278061 0.027333 0.045918
1 0.737512 0.287415 0.027333 0.061224
1 0.802074 0.304422 0.020735 0.061224
1 0.594251 0.151361 0.016023 0.030612
1 0.524976 0.174320 0.018850 0.035714