1 0.197219 0.357934 0.040165 0.073801
1 0.312049 0.231550 0.020597 0.038745
1 0.329557 0.194649 0.018538 0.035055
1 0.347065 0.200185 0.016478 0.031365
1 0.415036 0.193727 0.016478 0.036900
1 0.421215 0.171587 0.014418 0.025830
1 0.418126 0.154059 0.014418 0.023985
1 0.453656 0.149446 0.015448 0.025830
1 0.442842 0.202952 0.020597 0.036900
1 0.469619 0.192804 0.016478 0.035055
1 0.476313 0.218635 0.021627 0.046125
1 0.470134 0.131919 0.013388 0.023985
1 0.485067 0.142989 0.014418 0.027675
1 0.502060 0.131919 0.013388 0.023985
1 0.511329 0.112546 0.013388 0.022140
1 0.511329 0.154982 0.011329 0.025830
1 0.531926 0.148524 0.015448 0.027675
1 0.532956 0.119004 0.011329 0.020295
1 0.544284 0.126384 0.011329 0.023985
1 0.557673 0.131919 0.011329 0.023985
1 0.570031 0.132841 0.013388 0.022140
1 0.581359 0.112546 0.013388 0.022140
1 0.566426 0.175277 0.014418 0.033210
1 0.583419 0.169742 0.015448 0.033210
1 0.529866 0.265683 0.021627 0.047970
1 0.592173 0.228782 0.018538 0.036900
1 0.593203 0.288745 0.024717 0.046125
1 0.625644 0.289668 0.029866 0.059041
1 0.634398 0.235240 0.018538 0.035055
1 0.631823 0.195572 0.019567 0.040590
1 0.664779 0.205720 0.019567 0.035055
1 0.666323 0.174354 0.016478 0.031365
1 0.693100 0.119926 0.012358 0.025830
1 0.701339 0.114391 0.012358 0.018450
1 0.686921 0.119004 0.010299 0.016605
1 0.657570 0.105166 0.011329 0.022140
1 0.642636 0.108856 0.010299 0.022140
1 0.629248 0.140221 0.014418 0.022140
1 0.628218 0.096863 0.012358 0.023985
1 0.610196 0.119926 0.011329 0.025830
1 0.600412 0.134686 0.014418 0.025830
1 0.710608 0.184502 0.016478 0.040590
1 0.705973 0.157749 0.013388 0.023985
1 0.740474 0.152214 0.014418 0.031365
1 0.750772 0.144834 0.014418 0.023985
1 0.743563 0.125461 0.014418 0.025830
1 0.764676 0.128229 0.011329 0.027675
1 0.777549 0.126384 0.010299 0.023985
1 0.712152 0.251845 0.019567 0.042435
1 0.691555 0.308118 0.025747 0.062731
1 0.654480 0.273063 0.021627 0.047970
1 0.791452 0.194649 0.017508 0.042435
1 0.787333 0.166974 0.015448 0.031365
1 0.804840 0.166974 0.013388 0.031365
1 0.816169 0.180812 0.013388 0.033210
1 0.828527 0.169742 0.013388 0.029520
1 0.834192 0.205720 0.016478 0.038745
1 0.809475 0.260148 0.020597 0.047970
1 0.788877 0.284133 0.022657 0.047970
1 0.765191 0.375461 0.028836 0.068266
1 0.828012 0.359779 0.026777 0.066421
1 0.846035 0.320111 0.021627 0.049815
1 0.855304 0.260148 0.019567 0.047970
1 0.910402 0.384686 0.024717 0.064576
1 0.921215 0.327491 0.027806 0.049815
1 0.940268 0.273985 0.022657 0.042435
1 0.914006 0.231550 0.017508 0.038745
1 0.883110 0.225092 0.015448 0.036900
1 0.887230 0.198339 0.019567 0.035055
1 0.865602 0.174354 0.013388 0.031365
1 0.850669 0.185424 0.016478 0.031365
1 0.850669 0.145756 0.012358 0.025830
1 0.878476 0.147601 0.012358 0.025830
1 0.875901 0.158672 0.013388 0.025830
1 0.915551 0.166974 0.014418 0.035055
1 0.940783 0.180812 0.013388 0.029520
1 0.939238 0.202952 0.014418 0.029520