1 0.022837 0.528916 0.026442 0.031325
1 0.054087 0.530120 0.026442 0.028916
1 0.163462 0.506024 0.048077 0.062651
1 0.198317 0.518072 0.026442 0.038554
1 0.274038 0.527711 0.024038 0.028916
1 0.311298 0.521687 0.031250 0.036145
1 0.365385 0.522892 0.028846 0.033735
1 0.388221 0.520482 0.012019 0.028916
1 0.449519 0.510843 0.024038 0.028916
1 0.484375 0.507229 0.040865 0.050602
1 0.573317 0.531325 0.040865 0.045783
1 0.552885 0.516867 0.024038 0.031325
1 0.634615 0.534940 0.033654 0.038554
1 0.737981 0.509639 0.024038 0.031325
1 0.799279 0.521687 0.036058 0.036145
1 0.842548 0.524096 0.031250 0.031325
1 0.878606 0.530120 0.016827 0.024096
1 0.915865 0.521687 0.028846 0.031325
1 0.953125 0.512048 0.031250 0.040964