1 0.131535 0.533430 0.040664 0.069767
1 0.227801 0.342297 0.017427 0.036337
1 0.254357 0.363372 0.019087 0.037791
1 0.282573 0.314680 0.015768 0.027616
1 0.280913 0.382267 0.019087 0.037791
1 0.331950 0.364826 0.023237 0.043605
1 0.352282 0.340843 0.015768 0.027616
1 0.351037 0.301599 0.014938 0.030523
1 0.391701 0.260174 0.014938 0.029070
1 0.426971 0.262355 0.015768 0.024709
1 0.444398 0.267442 0.015768 0.034884
1 0.467220 0.243459 0.016598 0.030523
1 0.473029 0.266715 0.014938 0.030523
1 0.473029 0.307413 0.014938 0.027616
1 0.407884 0.333576 0.020747 0.039244
1 0.405394 0.282703 0.014108 0.030523
1 0.451867 0.342297 0.019087 0.042151
1 0.507884 0.265988 0.014938 0.029070
1 0.516598 0.253634 0.014108 0.021802
1 0.526971 0.250727 0.014938 0.027616
1 0.534025 0.277616 0.019087 0.029070
1 0.544813 0.255087 0.017427 0.030523
1 0.556017 0.279070 0.021577 0.029070
1 0.556846 0.226017 0.016598 0.027616
1 0.571369 0.223837 0.015768 0.026163
1 0.608714 0.208576 0.014108 0.021802
1 0.605809 0.228198 0.014938 0.023256
1 0.629876 0.215843 0.016598 0.021802
1 0.640249 0.223110 0.012448 0.021802
1 0.674274 0.210029 0.014108 0.021802
1 0.673444 0.230378 0.015768 0.024709
1 0.686722 0.226017 0.012448 0.021802
1 0.637344 0.250000 0.014938 0.026163
1 0.602075 0.257267 0.015768 0.029070
1 0.579668 0.271802 0.014108 0.026163
1 0.502905 0.330669 0.023237 0.036337
1 0.708714 0.254360 0.014938 0.034884
1 0.739834 0.257267 0.014108 0.029070
1 0.742324 0.243459 0.012448 0.027616
1 0.749378 0.237645 0.009959 0.018895
1 0.784647 0.242733 0.014108 0.029070
1 0.813693 0.245640 0.014108 0.026163
1 0.821577 0.274709 0.018257 0.034884
1 0.851452 0.262355 0.014938 0.030523
1 0.859336 0.276163 0.014108 0.031977
1 0.883817 0.260174 0.014938 0.029070
1 0.899585 0.283430 0.016598 0.037791
1 0.945228 0.284884 0.014938 0.023256
1 0.936100 0.311773 0.018257 0.030523
1 0.925726 0.332849 0.014108 0.034884
1 0.893776 0.321221 0.016598 0.029070
1 0.873029 0.345203 0.018257 0.036337
1 0.851867 0.320494 0.017427 0.036337
1 0.800415 0.298692 0.015768 0.027616
1 0.785477 0.289971 0.014108 0.033430
1 0.705809 0.302326 0.017427 0.034884
1 0.670539 0.276890 0.013278 0.030523
1 0.376349 0.351744 0.017427 0.037791
1 0.476763 0.408430 0.025726 0.052326
1 0.539419 0.359738 0.023237 0.047965
1 0.529876 0.438953 0.030705 0.061047
1 0.586722 0.466570 0.031535 0.069767
1 0.635270 0.472384 0.034025 0.066860
1 0.636100 0.304506 0.019087 0.036337
1 0.601660 0.332849 0.018257 0.037791
1 0.614523 0.371366 0.019087 0.042151
1 0.647718 0.351744 0.019087 0.040698
1 0.656432 0.367006 0.023237 0.039244
1 0.680083 0.319767 0.019087 0.040698
1 0.695021 0.368459 0.020747 0.047965
1 0.724481 0.407703 0.024896 0.056686
1 0.787967 0.426599 0.024066 0.047965
1 0.815353 0.366279 0.022407 0.040698
1 0.860166 0.372093 0.022407 0.034884
1 0.856017 0.413517 0.022407 0.045058
1 0.935685 0.406977 0.019087 0.037791
1 0.930705 0.474564 0.027386 0.059593
1 0.846888 0.480378 0.029046 0.062500
1 0.825726 0.497093 0.029876 0.061047
1 0.702490 0.550145 0.037344 0.071221