1 0.018581 0.430435 0.023649 0.043478
1 0.249578 0.354348 0.017736 0.036232
1 0.280828 0.362319 0.021115 0.046377
1 0.302787 0.381884 0.021115 0.047826
1 0.300676 0.325362 0.018581 0.036232
1 0.360220 0.381159 0.024493 0.046377
1 0.394426 0.365217 0.018581 0.037681
1 0.390625 0.340580 0.017736 0.031884
1 0.376267 0.310145 0.019426 0.034783
1 0.422297 0.360145 0.023649 0.036232
1 0.406250 0.278986 0.015203 0.033333
1 0.422720 0.294928 0.014358 0.036232
1 0.430743 0.315942 0.016892 0.031884
1 0.446791 0.277536 0.013514 0.030435
1 0.453970 0.295652 0.017736 0.031884
1 0.466216 0.327536 0.023649 0.037681
1 0.474240 0.360145 0.026182 0.042029
1 0.494932 0.320290 0.021959 0.037681
1 0.480997 0.262319 0.014358 0.026087
1 0.491554 0.252899 0.013514 0.027536
1 0.508868 0.287681 0.016047 0.030435
1 0.537584 0.296377 0.016047 0.030435
1 0.546453 0.331884 0.020270 0.037681
1 0.543919 0.265942 0.015203 0.033333
1 0.561655 0.271739 0.016892 0.039130
1 0.586571 0.304348 0.019426 0.037681
1 0.589527 0.275362 0.016892 0.031884
1 0.575591 0.242029 0.016047 0.026087
1 0.594595 0.239855 0.013514 0.021739
1 0.599240 0.260145 0.016047 0.030435
1 0.624578 0.263043 0.014358 0.030435
1 0.631334 0.242754 0.012669 0.024638
1 0.638936 0.222464 0.016047 0.027536
1 0.651605 0.234783 0.014358 0.031884
1 0.665118 0.244203 0.014358 0.033333
1 0.672297 0.263768 0.018581 0.026087
1 0.687922 0.234783 0.014358 0.023188
1 0.698057 0.244928 0.012669 0.031884
1 0.714105 0.247101 0.014358 0.027536
1 0.711993 0.286232 0.018581 0.033333
1 0.659206 0.310870 0.021115 0.042029
1 0.618666 0.346377 0.024493 0.043478
1 0.633446 0.394203 0.030405 0.052174
1 0.639358 0.448551 0.030405 0.068116
1 0.696791 0.469565 0.033784 0.060870
1 0.691723 0.398551 0.028716 0.057971
1 0.675676 0.353623 0.021959 0.040580
1 0.722973 0.373188 0.023649 0.050725
1 0.709459 0.332609 0.020270 0.039130
1 0.751689 0.312319 0.018581 0.042029
1 0.733953 0.265942 0.016892 0.030435
1 0.771959 0.239130 0.013514 0.028986
1 0.769003 0.265942 0.016047 0.036232
1 0.778294 0.282609 0.016047 0.037681
1 0.793497 0.296377 0.016047 0.039130
1 0.524071 0.413043 0.031250 0.057971
1 0.564189 0.386232 0.021959 0.044928
1 0.566301 0.421739 0.027872 0.046377
1 0.812922 0.244928 0.016047 0.028986
1 0.840794 0.263043 0.014358 0.030435
1 0.873311 0.270290 0.015203 0.030435
1 0.891892 0.277536 0.013514 0.027536
1 0.907095 0.275362 0.011824 0.031884
1 0.888514 0.301449 0.013514 0.031884
1 0.879645 0.323188 0.017736 0.037681
1 0.849662 0.319565 0.018581 0.036232
1 0.844172 0.376812 0.024493 0.046377
1 0.907095 0.334058 0.016892 0.033333
1 0.928632 0.307971 0.016047 0.036232
1 0.969172 0.296377 0.016047 0.021739
1 0.970439 0.315942 0.015203 0.026087
1 0.958193 0.335507 0.017736 0.033333
1 0.961571 0.373188 0.017736 0.042029
1 0.950591 0.413043 0.022804 0.049275
1 0.905828 0.382609 0.022804 0.043478
1 0.893159 0.434058 0.024493 0.044928
1 0.942568 0.486232 0.028716 0.062319
1 0.875845 0.455797 0.033784 0.053623
1 0.826858 0.422464 0.028716 0.053623
1 0.772382 0.421014 0.032939 0.056522
1 0.866976 0.542029 0.034628 0.066667
1 0.744088 0.526087 0.037162 0.084058