0 0.891827 0.318510 0.081731 0.117788
0 0.820913 0.317308 0.040865 0.048077
0 0.711538 0.296875 0.125000 0.161058
0 0.110577 0.043269 0.096154 0.081731
0 0.411058 0.045673 0.076923 0.086538
0 0.021635 0.314904 0.033654 0.110577
0 0.100962 0.278846 0.086538 0.100962
0 0.284856 0.300481 0.040865 0.072115
0 0.212740 0.328125 0.137019 0.151442
0 0.352163 0.300481 0.093750 0.115385
0 0.413462 0.266827 0.067308 0.115385
0 0.479567 0.300481 0.069712 0.105769
0 0.516827 0.308894 0.038462 0.074519
0 0.546875 0.328125 0.031250 0.064904
0 0.596154 0.314904 0.048077 0.062500
0 0.620192 0.326923 0.033654 0.057692
0 0.644231 0.326923 0.024038 0.057692