1 0.114700 0.465890 0.049625 0.113145
1 0.262172 0.282030 0.018727 0.031614
1 0.281835 0.262063 0.018727 0.034942
1 0.300562 0.269551 0.022472 0.043261
1 0.318352 0.214642 0.013109 0.026622
1 0.347846 0.217138 0.015918 0.034942
1 0.345974 0.271215 0.017790 0.036606
1 0.379682 0.197171 0.017790 0.031614
1 0.376873 0.233777 0.021536 0.044925
1 0.419944 0.254576 0.025281 0.043261
1 0.411985 0.221298 0.014981 0.036606
1 0.416667 0.169717 0.013109 0.029950
1 0.433521 0.167221 0.014981 0.024958
1 0.447566 0.170549 0.013109 0.021631
1 0.455056 0.188020 0.022472 0.023295
1 0.475655 0.188852 0.016854 0.031614
1 0.484082 0.159734 0.018727 0.023295
1 0.478464 0.138103 0.013109 0.023295
1 0.460206 0.140599 0.012172 0.024958
1 0.490169 0.126456 0.012172 0.029950
1 0.533240 0.128952 0.017790 0.031614
1 0.552903 0.144759 0.014045 0.033278
1 0.561330 0.104825 0.012172 0.023295
1 0.598315 0.093178 0.013109 0.023295
1 0.595974 0.112313 0.012172 0.021631
1 0.616105 0.103161 0.011236 0.026622
1 0.625936 0.094010 0.010300 0.021631
1 0.641386 0.095674 0.013109 0.024958
1 0.646536 0.110649 0.014045 0.024958
1 0.627809 0.134775 0.014045 0.029950
1 0.595506 0.143927 0.014981 0.031614
1 0.582397 0.160566 0.016854 0.031614
1 0.550094 0.193012 0.019663 0.039933
1 0.493446 0.216306 0.022472 0.036606
1 0.489700 0.287022 0.018727 0.048253
1 0.555712 0.283694 0.027154 0.054908
1 0.566011 0.243760 0.019663 0.034942
1 0.614700 0.247920 0.021536 0.043261
1 0.622191 0.203827 0.017790 0.044925
1 0.656835 0.166389 0.019663 0.036606
1 0.669007 0.115641 0.015918 0.031614
1 0.699438 0.091514 0.014981 0.029950
1 0.705993 0.130616 0.013109 0.031614
1 0.689607 0.141431 0.014045 0.036606
1 0.700843 0.211314 0.023408 0.049917
1 0.662921 0.202163 0.020599 0.044925
1 0.675094 0.255408 0.018727 0.041597
1 0.677903 0.328619 0.026217 0.054908
1 0.609551 0.334443 0.022472 0.049917
1 0.723783 0.289517 0.028090 0.056572
1 0.762172 0.242097 0.022472 0.041597
1 0.785112 0.290349 0.025281 0.048253
1 0.753277 0.178869 0.015918 0.031614
1 0.732210 0.147255 0.018727 0.034942
1 0.736891 0.113977 0.013109 0.031614
1 0.747659 0.128120 0.014045 0.033278
1 0.756086 0.102329 0.012172 0.024958
1 0.770131 0.129784 0.014045 0.033278
1 0.779963 0.120632 0.014981 0.028286
1 0.795880 0.127288 0.014981 0.034942
1 0.813670 0.126456 0.013109 0.026622
1 0.835206 0.137271 0.016854 0.034942
1 0.816479 0.165557 0.016854 0.034942
1 0.803371 0.178869 0.016854 0.031614
1 0.873596 0.226290 0.016854 0.053245
1 0.892322 0.191348 0.016854 0.043261
1 0.896536 0.163062 0.014045 0.036606
1 0.905431 0.128952 0.011236 0.031614
1 0.874064 0.121464 0.014045 0.029950
1 0.863296 0.153078 0.016854 0.033278
1 0.930712 0.150582 0.014981 0.028286
1 0.927903 0.188020 0.014981 0.039933
1 0.934457 0.266223 0.018727 0.053245