0 0.820913 0.251807 0.185096 0.175904
1 0.936298 0.279518 0.040865 0.053012
1 0.937500 0.054217 0.043269 0.050602
1 0.711538 0.055422 0.038462 0.062651
1 0.664663 0.053012 0.079327 0.081928
1 0.587740 0.062651 0.050481 0.067470
1 0.500000 0.059036 0.115385 0.113253
1 0.435096 0.077108 0.072115 0.096386
1 0.149038 0.042169 0.096154 0.079518
1 0.080529 0.055422 0.050481 0.077108
1 0.664663 0.279518 0.074519 0.086747
1 0.590144 0.267470 0.055288 0.057831
1 0.501202 0.273494 0.122596 0.113253
1 0.436298 0.255422 0.074519 0.086747
1 0.147837 0.301205 0.098558 0.110843
1 0.085337 0.278313 0.064904 0.079518
0 0.823317 0.086747 0.185096 0.168675