1 0.238022 0.442623 0.060143 0.116576
1 0.345056 0.274135 0.019368 0.041894
1 0.412334 0.254098 0.021407 0.049180
1 0.434760 0.262295 0.023445 0.051002
1 0.377676 0.207650 0.017329 0.043716
1 0.426096 0.211293 0.016310 0.032787
1 0.445464 0.211293 0.016310 0.040073
1 0.475025 0.245902 0.022426 0.051002
1 0.410805 0.184882 0.016310 0.038251
1 0.419980 0.176685 0.010194 0.025501
1 0.437309 0.186703 0.016310 0.038251
1 0.458206 0.183971 0.015291 0.040073
1 0.471967 0.218579 0.016310 0.036430
1 0.478593 0.196721 0.017329 0.032787
1 0.479103 0.172131 0.016310 0.027322
1 0.476045 0.149362 0.016310 0.025501
1 0.511723 0.204918 0.020387 0.038251
1 0.546381 0.204918 0.018349 0.041894
1 0.505607 0.146630 0.014271 0.023679
1 0.506116 0.128415 0.011213 0.027322
1 0.539246 0.148452 0.014271 0.034608
1 0.549949 0.144809 0.011213 0.023679
1 0.559633 0.174863 0.014271 0.036430
1 0.581549 0.147541 0.015291 0.032787
1 0.594292 0.173953 0.014271 0.030965
1 0.583588 0.122951 0.013252 0.023679
1 0.610601 0.134791 0.012232 0.025501
1 0.620285 0.112022 0.011213 0.027322
1 0.642712 0.138434 0.013252 0.032787
1 0.668196 0.119308 0.015291 0.030965
1 0.669215 0.147541 0.015291 0.036430
1 0.690622 0.138434 0.015291 0.032787
1 0.713048 0.122951 0.013252 0.030965
1 0.572375 0.272313 0.025484 0.049180
1 0.619776 0.262295 0.024465 0.061931
1 0.535678 0.182149 0.015291 0.029144
1 0.648318 0.244991 0.020387 0.041894
1 0.633028 0.302368 0.028542 0.065574
1 0.687054 0.357923 0.030581 0.063752
1 0.730377 0.306922 0.025484 0.060109
1 0.767584 0.246812 0.020387 0.056466
1 0.805810 0.274135 0.027523 0.060109
1 0.680938 0.204007 0.020387 0.047359
1 0.706932 0.182149 0.015291 0.036430
1 0.719164 0.196721 0.017329 0.043716
1 0.734964 0.163934 0.014271 0.036430
1 0.742610 0.186703 0.015291 0.041894
1 0.758919 0.214026 0.019368 0.049180
1 0.756881 0.147541 0.013252 0.032787
1 0.765545 0.163934 0.016310 0.032787
1 0.799185 0.140255 0.012232 0.032787
1 0.801733 0.167577 0.013252 0.032787
1 0.789501 0.202186 0.013252 0.040073
1 0.804791 0.221311 0.017329 0.041894
1 0.835882 0.188525 0.014271 0.038251
1 0.848114 0.170310 0.014271 0.038251
1 0.850663 0.233151 0.015291 0.047359
1 0.870540 0.204007 0.014271 0.032787
1 0.886850 0.187614 0.012232 0.036430
1 0.899083 0.224044 0.016310 0.047359
1 0.889908 0.255920 0.018349 0.049180
1 0.901631 0.298725 0.019368 0.061931
1 0.933231 0.314208 0.019368 0.056466
1 0.863914 0.316940 0.025484 0.061931
1 0.917941 0.193989 0.015291 0.045537
1 0.950561 0.177596 0.011213 0.030965
1 0.961774 0.213115 0.015291 0.036430
1 0.941386 0.243169 0.015291 0.041894
1 0.953619 0.199454 0.011213 0.030965