1 0.089893 0.271916 0.016995 0.040584
1 0.264311 0.396104 0.047406 0.100649
1 0.297853 0.168831 0.014311 0.035714
1 0.292934 0.228084 0.018784 0.040584
1 0.326029 0.229708 0.020572 0.040584
1 0.370751 0.177760 0.022361 0.043831
1 0.387746 0.201299 0.020572 0.048701
1 0.414580 0.211039 0.024150 0.045455
1 0.471825 0.142045 0.020572 0.043831
1 0.531306 0.060877 0.012522 0.021104
1 0.634168 0.138799 0.016100 0.030844
1 0.653846 0.118506 0.014311 0.029221
1 0.654293 0.139610 0.016995 0.035714
1 0.670841 0.061688 0.016100 0.032468
1 0.749106 0.135552 0.015206 0.037338
1 0.764311 0.143669 0.016995 0.034091
1 0.811270 0.248377 0.021467 0.058442
1 0.860018 0.190747 0.013417 0.037338
1 0.881485 0.254870 0.016995 0.048701
1 0.914132 0.254058 0.021467 0.040584
1 0.928891 0.187500 0.015206 0.037338