0 0.062500 0.402410 0.048077 0.057831
0 0.128606 0.426506 0.055288 0.077108
0 0.221154 0.403614 0.043269 0.045783
0 0.293269 0.408434 0.052885 0.065060
0 0.415865 0.403614 0.048077 0.069880
0 0.472356 0.396386 0.050481 0.055422
0 0.516827 0.400000 0.019231 0.024096
0 0.572115 0.378313 0.052885 0.072289
0 0.655048 0.419277 0.040865 0.057831
0 0.698317 0.415663 0.055288 0.074699
0 0.760817 0.415663 0.040865 0.045783
0 0.811298 0.401205 0.045673 0.074699
0 0.887019 0.397590 0.096154 0.134940
1 0.957933 0.408434 0.040865 0.055422
0 0.062500 0.026506 0.043269 0.048193
0 0.223558 0.022892 0.043269 0.040964
0 0.572115 0.038554 0.052885 0.072289