1 0.072470 0.272873 0.015497 0.035313
1 0.394257 0.149278 0.019143 0.038523
1 0.395169 0.197432 0.011851 0.028892
1 0.440292 0.216693 0.014585 0.022472
1 0.431632 0.170947 0.024613 0.040128
1 0.612580 0.111557 0.010939 0.020867
1 0.651778 0.130016 0.012762 0.019262
1 0.636281 0.148475 0.012762 0.020867
1 0.651322 0.160514 0.011851 0.019262
1 0.749772 0.151685 0.013674 0.024077
1 0.767548 0.154896 0.014585 0.027287
1 0.822698 0.266453 0.019143 0.051364
1 0.868277 0.197432 0.011851 0.032103
1 0.891067 0.260032 0.019143 0.038523
1 0.916591 0.255217 0.019143 0.044944
1 0.938924 0.202247 0.012762 0.035313