1 0.137263 0.464681 0.040348 0.081717
1 0.214399 0.343490 0.015823 0.027701
1 0.253956 0.355956 0.025316 0.033241
1 0.280459 0.300554 0.016614 0.030471
1 0.311313 0.331717 0.021361 0.040166
1 0.326741 0.350416 0.023734 0.055402
1 0.346123 0.322715 0.015032 0.030471
1 0.348892 0.288089 0.015823 0.030471
1 0.377373 0.325485 0.017405 0.036011
1 0.404668 0.325485 0.018196 0.036011
1 0.397547 0.299169 0.016614 0.030471
1 0.380142 0.265928 0.015032 0.030471
1 0.419304 0.258310 0.014241 0.020776
1 0.428402 0.299169 0.013449 0.030471
1 0.442247 0.247230 0.011076 0.020776
1 0.461630 0.260388 0.016614 0.033241
1 0.487342 0.254155 0.012658 0.029086
1 0.493671 0.245845 0.011076 0.018006
1 0.510680 0.240305 0.015032 0.023546
1 0.510285 0.270083 0.014241 0.027701
1 0.491693 0.319945 0.018196 0.036011
1 0.455301 0.307479 0.015032 0.024931
1 0.441060 0.342105 0.021361 0.027701
1 0.451345 0.410665 0.024525 0.048476
1 0.526503 0.400970 0.022943 0.042936
1 0.545095 0.345568 0.020570 0.042936
1 0.562500 0.277008 0.015823 0.027701
1 0.534415 0.243767 0.013449 0.027701
1 0.543117 0.221607 0.011867 0.019391
1 0.558149 0.216759 0.010285 0.018006
1 0.557358 0.239612 0.011867 0.027701
1 0.578323 0.244460 0.014241 0.026316
1 0.585047 0.222992 0.011867 0.024931
1 0.596123 0.202216 0.010285 0.019391
1 0.604035 0.215374 0.011867 0.020776
1 0.608782 0.209141 0.010285 0.016620
1 0.618275 0.243767 0.011867 0.022161
1 0.634494 0.215374 0.011076 0.018006
1 0.635285 0.234765 0.011076 0.023546
1 0.640823 0.224377 0.009494 0.019391
1 0.653481 0.227147 0.011076 0.027701
1 0.662975 0.225762 0.011076 0.027701
1 0.657437 0.261080 0.012658 0.031856
1 0.614715 0.289474 0.015823 0.030471
1 0.581092 0.315789 0.019778 0.041551
1 0.635680 0.326177 0.015032 0.031856
1 0.642801 0.355263 0.022943 0.054017
1 0.667326 0.342798 0.019778 0.040166
1 0.562500 0.424515 0.028481 0.059557
1 0.623813 0.459141 0.029272 0.059557
1 0.572785 0.409280 0.018987 0.031856
1 0.679193 0.509695 0.027690 0.063712
1 0.714794 0.394044 0.021361 0.042936
1 0.749209 0.422438 0.022152 0.052632
1 0.788370 0.515235 0.024525 0.069252
1 0.816851 0.433518 0.022943 0.049861
1 0.783228 0.369114 0.018987 0.048476
1 0.881329 0.450831 0.023734 0.051247
1 0.869066 0.404432 0.021361 0.041551
1 0.833861 0.369114 0.020570 0.054017
1 0.851266 0.349030 0.018987 0.041551
1 0.898339 0.346953 0.016614 0.040166
1 0.871044 0.324100 0.015823 0.033241
1 0.893987 0.313019 0.012658 0.024931
1 0.904668 0.308172 0.013449 0.029086
1 0.901899 0.268698 0.014241 0.030471
1 0.867484 0.285319 0.015032 0.038781
1 0.818038 0.317867 0.018987 0.037396
1 0.801820 0.342798 0.019778 0.034626
1 0.779272 0.299861 0.015823 0.029086
1 0.793117 0.270083 0.015032 0.027701
1 0.813291 0.258310 0.012658 0.020776
1 0.825949 0.280471 0.012658 0.023546
1 0.833070 0.260388 0.011076 0.022161
1 0.843750 0.252078 0.011867 0.027701
1 0.741297 0.283241 0.012658 0.037396
1 0.751978 0.259695 0.013449 0.031856
1 0.757516 0.229224 0.015032 0.029086
1 0.731013 0.225069 0.012658 0.029086
1 0.718354 0.240997 0.012658 0.030471
1 0.723497 0.257618 0.013449 0.027701
1 0.701345 0.279778 0.016614 0.036011
1 0.685522 0.256925 0.015032 0.034626