1 0.725962 0.079518 0.100962 0.101205
1 0.725962 0.257831 0.096154 0.106024
1 0.016827 0.577108 0.028846 0.060241
1 0.127404 0.584337 0.043269 0.060241
1 0.590144 0.618072 0.016827 0.031325
1 0.514423 0.621687 0.019231 0.028916
1 0.459135 0.607229 0.009615 0.024096
1 0.418269 0.598795 0.038462 0.050602
1 0.393029 0.606024 0.021635 0.036145
1 0.233173 0.591566 0.033654 0.055422
1 0.302885 0.598795 0.028846 0.045783
1 0.341346 0.584337 0.057692 0.036145
1 0.544471 0.614458 0.036058 0.043373
1 0.616587 0.616867 0.040865 0.062651
1 0.479567 0.603614 0.045673 0.060241
1 0.187500 0.601205 0.076923 0.089157
1 0.356971 0.627711 0.084135 0.079518