1 0.119465 0.514327 0.040100 0.074499
1 0.210109 0.326648 0.017544 0.031519
1 0.237260 0.349570 0.018379 0.040115
1 0.263993 0.372493 0.020050 0.037249
1 0.267753 0.298711 0.015873 0.030086
1 0.302005 0.317335 0.017544 0.027221
1 0.316625 0.350287 0.018379 0.032951
1 0.335422 0.320917 0.017544 0.031519
1 0.337093 0.284384 0.017544 0.030086
1 0.362991 0.335244 0.019215 0.034384
1 0.392648 0.319484 0.020050 0.034384
1 0.389724 0.287249 0.017544 0.032951
1 0.374687 0.250716 0.014202 0.025788
1 0.410610 0.248567 0.012531 0.024355
1 0.428989 0.250000 0.014202 0.024355
1 0.436090 0.330229 0.021721 0.035817
1 0.416040 0.304441 0.016708 0.030086
1 0.456976 0.295129 0.015038 0.022923
1 0.464495 0.250716 0.015038 0.022923
1 0.452799 0.231375 0.011696 0.021490
1 0.455723 0.222779 0.012531 0.018625
1 0.494570 0.252149 0.015038 0.025788
1 0.499582 0.237822 0.013367 0.020057
1 0.544277 0.213467 0.012531 0.022923
1 0.558897 0.207020 0.015038 0.021490
1 0.530075 0.258596 0.015873 0.030086
1 0.544695 0.271490 0.016708 0.030086
1 0.564745 0.255014 0.015038 0.028653
1 0.588972 0.237822 0.013367 0.025788
1 0.590643 0.208453 0.013367 0.024355
1 0.596074 0.196275 0.012531 0.022923
1 0.616124 0.201289 0.012531 0.024355
1 0.627402 0.212751 0.011696 0.024355
1 0.625731 0.229943 0.011696 0.024355
1 0.661236 0.197708 0.012531 0.022923
1 0.663325 0.217765 0.011696 0.022923
1 0.673350 0.212034 0.011696 0.022923
1 0.487886 0.316619 0.016708 0.031519
1 0.465330 0.389685 0.025063 0.048711
1 0.533417 0.401146 0.025898 0.045845
1 0.525898 0.344556 0.022556 0.038682
1 0.572264 0.445559 0.031746 0.065903
1 0.624478 0.455587 0.032581 0.065903
1 0.605681 0.348854 0.020050 0.038682
1 0.588972 0.315186 0.018379 0.034384
1 0.622389 0.290831 0.016708 0.028653
1 0.644528 0.348854 0.022556 0.041547
1 0.661654 0.262178 0.015038 0.028653
1 0.665831 0.299427 0.021721 0.040115
1 0.695489 0.235673 0.014202 0.032951
1 0.694236 0.284384 0.018379 0.032951
1 0.682957 0.344556 0.022556 0.050143
1 0.713868 0.386103 0.027569 0.047278
1 0.690894 0.527937 0.033417 0.064470
1 0.794486 0.553009 0.031746 0.071633
1 0.832916 0.457736 0.028404 0.055874
1 0.777778 0.407593 0.026734 0.044413
1 0.919382 0.457020 0.027569 0.054441
1 0.844194 0.400430 0.022556 0.044413
1 0.925647 0.390401 0.020050 0.038682
1 0.911863 0.310172 0.015873 0.030086
1 0.928989 0.297278 0.016708 0.030086
1 0.928571 0.260029 0.012531 0.027221
1 0.889724 0.266476 0.015038 0.031519
1 0.883041 0.305158 0.013367 0.034384
1 0.865497 0.324499 0.016708 0.035817
1 0.839599 0.299427 0.015038 0.031519
1 0.847536 0.260029 0.017544 0.032951
1 0.873016 0.244269 0.011696 0.024355
1 0.837510 0.244986 0.014202 0.022923
1 0.808688 0.260029 0.013367 0.024355
1 0.801587 0.228510 0.012531 0.027221
1 0.786550 0.284384 0.020886 0.035817
1 0.768588 0.276504 0.018379 0.037249
1 0.776942 0.252149 0.013367 0.028653
1 0.772765 0.226361 0.015038 0.028653
1 0.728488 0.244269 0.013367 0.032951
1 0.727652 0.227794 0.013367 0.022923
1 0.737260 0.225645 0.010860 0.024355
1 0.802423 0.348854 0.019215 0.035817
1 0.803258 0.325931 0.017544 0.027221