1 0.068245 0.534826 0.052925 0.114428
1 0.253482 0.276119 0.018570 0.028192
1 0.275766 0.262023 0.016713 0.033167
1 0.297586 0.257877 0.019499 0.038143
1 0.316620 0.272803 0.020427 0.034826
1 0.337512 0.264511 0.019499 0.034826
1 0.312442 0.231343 0.013928 0.024876
1 0.342154 0.221393 0.015785 0.031509
1 0.365367 0.213930 0.015785 0.033167
1 0.378366 0.210614 0.015785 0.036484
1 0.387651 0.198176 0.013928 0.024876
1 0.404364 0.283582 0.023213 0.043118
1 0.405757 0.171642 0.012999 0.024876
1 0.428969 0.168325 0.014856 0.031509
1 0.425255 0.216418 0.012999 0.028192
1 0.441504 0.221393 0.015785 0.034826
1 0.467502 0.234660 0.023213 0.044776
1 0.460074 0.196517 0.015785 0.028192
1 0.454039 0.168325 0.012999 0.021559
1 0.471216 0.149254 0.013928 0.023217
1 0.450325 0.137645 0.007428 0.013267
1 0.480966 0.137645 0.011142 0.023217
1 0.500929 0.170813 0.013928 0.026534
1 0.475395 0.166667 0.014856 0.024876
1 0.513463 0.191542 0.018570 0.034826
1 0.486072 0.296020 0.026927 0.048093
1 0.538997 0.195688 0.015785 0.033167
1 0.547354 0.165008 0.017642 0.038143
1 0.565924 0.163350 0.013928 0.034826
1 0.532962 0.132670 0.012999 0.026534
1 0.553389 0.119403 0.011142 0.029851
1 0.579387 0.123549 0.012999 0.021559
1 0.573816 0.145108 0.016713 0.031509
1 0.617456 0.138474 0.012999 0.028192
1 0.600279 0.098673 0.012071 0.021559
1 0.618849 0.100332 0.010214 0.021559
1 0.629991 0.121061 0.012071 0.023217
1 0.635562 0.101990 0.012071 0.021559
1 0.668059 0.121891 0.013928 0.028192
1 0.686630 0.097844 0.013928 0.029851
1 0.549211 0.291045 0.025070 0.051410
1 0.566852 0.245439 0.021356 0.036484
1 0.555710 0.225539 0.017642 0.026534
1 0.604921 0.204809 0.019499 0.041459
1 0.605385 0.247098 0.020427 0.039801
1 0.600279 0.322554 0.025070 0.048093
1 0.670381 0.333333 0.025998 0.066335
1 0.654596 0.252073 0.022284 0.046434
1 0.714949 0.278607 0.024141 0.049751
1 0.773909 0.291874 0.023213 0.049751
1 0.757196 0.225539 0.021356 0.043118
1 0.702414 0.223051 0.021356 0.041459
1 0.659703 0.204809 0.019499 0.044776
1 0.654596 0.169983 0.018570 0.044776
1 0.688022 0.175788 0.016713 0.036484
1 0.689415 0.144279 0.013928 0.029851
1 0.697772 0.135987 0.015785 0.033167
1 0.729341 0.122720 0.012071 0.033167
1 0.746518 0.107794 0.011142 0.023217
1 0.746054 0.134328 0.015785 0.033167
1 0.758124 0.129353 0.013928 0.033167
1 0.759053 0.160033 0.015785 0.031509
1 0.739554 0.182421 0.019499 0.036484
1 0.789229 0.117745 0.011142 0.019900
1 0.795265 0.135158 0.013928 0.031509
1 0.805014 0.129353 0.012999 0.026534
1 0.793872 0.183250 0.014856 0.028192
1 0.806407 0.167496 0.013928 0.026534
1 0.824048 0.141791 0.015785 0.034826
1 0.841690 0.148425 0.013928 0.031509
1 0.839833 0.186567 0.015785 0.031509
1 0.821727 0.185738 0.014856 0.023217
1 0.858867 0.151741 0.012999 0.028192
1 0.862581 0.129353 0.012999 0.026534
1 0.898329 0.135987 0.012071 0.029851
1 0.884865 0.162521 0.014856 0.033167
1 0.876973 0.185738 0.015785 0.029851
1 0.864438 0.223051 0.018570 0.044776
1 0.912721 0.291045 0.020427 0.048093
1 0.918756 0.189055 0.015785 0.036484
1 0.924791 0.160862 0.014856 0.029851