1 0.225024 0.397906 0.046557 0.094241
1 0.281280 0.224258 0.015519 0.043630
1 0.311833 0.213787 0.018429 0.033159
1 0.316683 0.232984 0.018429 0.040140
1 0.332687 0.181501 0.013579 0.034904
1 0.363725 0.186736 0.017459 0.041885
1 0.376334 0.174520 0.013579 0.027923
1 0.396702 0.162304 0.021339 0.024433
1 0.388458 0.201571 0.018429 0.036649
1 0.355965 0.246946 0.019399 0.043630
1 0.406402 0.231239 0.021339 0.036649
1 0.419011 0.249564 0.023278 0.045375
1 0.416586 0.183246 0.018429 0.031414
1 0.422890 0.157068 0.013579 0.027923
1 0.443744 0.191972 0.018429 0.034904
1 0.445199 0.147469 0.011639 0.029668
1 0.464597 0.134380 0.013579 0.027923
1 0.467022 0.157068 0.014549 0.031414
1 0.478661 0.196335 0.018429 0.043630
1 0.478177 0.178010 0.015519 0.031414
1 0.494665 0.146597 0.013579 0.031414
1 0.499030 0.118674 0.008729 0.024433
1 0.510184 0.130017 0.021339 0.029668
1 0.519399 0.170157 0.016489 0.029668
1 0.530553 0.147469 0.015519 0.033159
1 0.546557 0.150960 0.014549 0.033159
1 0.543647 0.125654 0.014549 0.031414
1 0.563046 0.143106 0.012609 0.034904
1 0.572260 0.115183 0.013579 0.027923
1 0.599903 0.113438 0.014549 0.027923
1 0.604753 0.126527 0.016489 0.033159
1 0.619302 0.132635 0.014549 0.034904
1 0.627061 0.115183 0.014549 0.038394
1 0.640155 0.110820 0.013579 0.029668
1 0.649855 0.116928 0.013579 0.034904
1 0.675073 0.122164 0.013579 0.034904
1 0.680892 0.107330 0.011639 0.026178
1 0.700776 0.106457 0.014549 0.027923
1 0.671193 0.174520 0.017459 0.034904
1 0.640155 0.152705 0.019399 0.036649
1 0.578080 0.166667 0.019399 0.036649
1 0.554801 0.184991 0.019399 0.034904
1 0.745878 0.125654 0.013579 0.034904
1 0.730844 0.145724 0.016489 0.033159
1 0.732784 0.174520 0.018429 0.034904
1 0.748788 0.192845 0.019399 0.040140
1 0.706596 0.185864 0.018429 0.033159
1 0.716780 0.241710 0.023278 0.047120
1 0.661494 0.239965 0.019399 0.043630
1 0.672163 0.272251 0.021339 0.052356
1 0.614452 0.245201 0.024248 0.057592
1 0.612997 0.212042 0.019399 0.036649
1 0.558196 0.233857 0.030068 0.055846
1 0.656644 0.345550 0.031038 0.069808
1 0.742483 0.376963 0.033948 0.066318
1 0.754607 0.246073 0.021339 0.052356
1 0.792919 0.287086 0.022308 0.054101
1 0.833657 0.257417 0.020369 0.047120
1 0.842871 0.218150 0.019399 0.041885
1 0.816198 0.185864 0.014549 0.036649
1 0.796799 0.203316 0.020369 0.036649
1 0.784190 0.163176 0.012609 0.033159
1 0.775461 0.144852 0.014549 0.024433
1 0.777886 0.130017 0.011639 0.029668
1 0.804559 0.142234 0.012609 0.033159
1 0.819593 0.138743 0.011639 0.033159
1 0.838506 0.165794 0.018429 0.041885
1 0.868089 0.164921 0.013579 0.043630
1 0.885063 0.234729 0.018429 0.054101
1 0.916586 0.249564 0.015519 0.055846
1 0.935500 0.210297 0.014549 0.043630
1 0.951988 0.227749 0.014549 0.040140
1 0.901552 0.198953 0.014549 0.031414
1 0.904947 0.153578 0.011639 0.027923
1 0.915616 0.334206 0.023278 0.057592