1 0.321391 0.204797 0.017653 0.029520
1 0.358775 0.200185 0.015576 0.031365
1 0.376428 0.190037 0.013499 0.025830
1 0.410177 0.175277 0.014538 0.025830
1 0.420042 0.179889 0.013499 0.031365
1 0.424714 0.165129 0.012461 0.023985
1 0.437175 0.161439 0.012461 0.023985
1 0.462617 0.155904 0.013499 0.016605
1 0.482866 0.151292 0.014538 0.033210
1 0.467290 0.182657 0.016615 0.025830
1 0.466771 0.211255 0.019730 0.027675
1 0.447040 0.248155 0.019730 0.027675
1 0.500000 0.125461 0.011423 0.022140
1 0.499481 0.191882 0.018692 0.036900
1 0.520768 0.186347 0.015576 0.022140
1 0.536864 0.128229 0.010384 0.020295
1 0.537383 0.150369 0.013499 0.027675
1 0.564901 0.137454 0.012461 0.023985
1 0.571651 0.151292 0.013499 0.022140
1 0.552960 0.183579 0.015576 0.031365
1 0.576843 0.186347 0.015576 0.029520
1 0.598131 0.150369 0.014538 0.020295
1 0.581516 0.130996 0.012461 0.022140
1 0.611630 0.106089 0.010384 0.020295
1 0.640706 0.122694 0.010384 0.020295
1 0.636552 0.136531 0.012461 0.022140
1 0.653686 0.147601 0.011423 0.022140
1 0.663032 0.115314 0.011423 0.020295
1 0.668744 0.125461 0.010384 0.018450
1 0.703531 0.128229 0.009346 0.016605
1 0.673416 0.144834 0.011423 0.016605
1 0.626168 0.180812 0.014538 0.022140
1 0.585151 0.170664 0.017653 0.020295
1 0.572170 0.232472 0.022845 0.044280
1 0.635514 0.201107 0.018692 0.040590
1 0.655244 0.238007 0.020768 0.036900
1 0.660436 0.184502 0.016615 0.033210
1 0.696781 0.180812 0.014538 0.022140
1 0.711838 0.154059 0.013499 0.027675
1 0.714953 0.235240 0.019730 0.042435
1 0.722222 0.189114 0.015576 0.035055
1 0.734164 0.173432 0.014538 0.036900
1 0.743510 0.154059 0.012461 0.023985
1 0.764278 0.146679 0.010384 0.016605
1 0.788681 0.146679 0.013499 0.027675
1 0.798027 0.131919 0.009346 0.023985
1 0.805815 0.154982 0.014538 0.029520
1 0.793873 0.178044 0.013499 0.023985
1 0.768951 0.185424 0.015576 0.035055
1 0.756490 0.310886 0.036345 0.068266
1 0.800623 0.208487 0.014538 0.040590
1 0.813603 0.203875 0.015576 0.035055
1 0.829180 0.178967 0.013499 0.029520
1 0.827103 0.158672 0.011423 0.022140
1 0.854102 0.150369 0.011423 0.027675
1 0.866044 0.097786 0.012461 0.029520
1 0.888889 0.159594 0.010384 0.023985
1 0.857217 0.213100 0.013499 0.027675
1 0.883178 0.238007 0.013499 0.036900
1 0.875389 0.272140 0.016615 0.038745
1 0.917965 0.181734 0.012461 0.027675
1 0.938214 0.213100 0.015576 0.035055
1 0.921599 0.267528 0.015576 0.036900
1 0.935099 0.249077 0.017653 0.033210