1 0.113889 0.564904 0.046825 0.116987
1 0.229365 0.274038 0.022222 0.054487
1 0.265873 0.254006 0.020635 0.049679
1 0.312302 0.242788 0.018254 0.040064
1 0.323413 0.216346 0.018254 0.044872
1 0.338095 0.233974 0.019048 0.048077
1 0.358333 0.213942 0.015079 0.040064
1 0.377778 0.270032 0.020635 0.046474
1 0.378571 0.200321 0.015873 0.038462
1 0.395238 0.208333 0.015873 0.038462
1 0.409524 0.239583 0.019048 0.040064
1 0.421032 0.179487 0.011905 0.028846
1 0.438889 0.195513 0.017460 0.038462
1 0.442460 0.305288 0.023016 0.056090
1 0.478571 0.247596 0.022222 0.043269
1 0.463492 0.165865 0.014286 0.033654
1 0.473810 0.171474 0.014286 0.035256
1 0.487302 0.171474 0.017460 0.041667
1 0.498810 0.160256 0.013492 0.035256
1 0.503175 0.211538 0.017460 0.038462
1 0.532540 0.166667 0.015873 0.032051
1 0.557937 0.165865 0.012698 0.030449
1 0.561111 0.145032 0.014286 0.033654
1 0.557937 0.215545 0.017460 0.040064
1 0.575000 0.204327 0.015079 0.033654
1 0.587302 0.181090 0.012698 0.035256
1 0.585714 0.143429 0.014286 0.040064
1 0.602381 0.135417 0.014286 0.030449
1 0.640476 0.133814 0.014286 0.030449
1 0.670635 0.135417 0.014286 0.033654
1 0.621429 0.164263 0.019048 0.027244
1 0.614286 0.189103 0.012698 0.032051
1 0.626984 0.200321 0.017460 0.041667
1 0.618254 0.290064 0.025397 0.054487
1 0.673810 0.189103 0.012698 0.032051
1 0.694048 0.141827 0.013492 0.030449
1 0.690873 0.160256 0.013492 0.035256
1 0.711508 0.165064 0.015079 0.038462
1 0.667460 0.258013 0.028571 0.048077
1 0.719841 0.217147 0.014286 0.040064
1 0.742857 0.203526 0.014286 0.044872
1 0.706746 0.290064 0.026190 0.057692
1 0.759921 0.229968 0.016667 0.043269
1 0.785714 0.177083 0.015873 0.036859
1 0.780556 0.213141 0.015079 0.044872
1 0.813095 0.197917 0.015079 0.036859
1 0.828571 0.222756 0.014286 0.038462
1 0.877381 0.237179 0.016667 0.038462
1 0.893254 0.274840 0.018254 0.046474
1 0.911508 0.264423 0.011905 0.035256
1 0.936508 0.272436 0.015873 0.044872
1 0.950397 0.256410 0.010317 0.035256
1 0.980952 0.269231 0.012698 0.038462
1 0.976190 0.304487 0.011111 0.035256
1 0.975397 0.333333 0.014286 0.035256
1 0.978571 0.365385 0.014286 0.048077
1 0.957540 0.366186 0.018254 0.046474
1 0.923016 0.324519 0.014286 0.059295
1 0.960317 0.424679 0.025397 0.067308
1 0.860317 0.376603 0.020635 0.057692
1 0.820238 0.300481 0.018254 0.056090
1 0.815476 0.248397 0.015079 0.048077
1 0.793651 0.257212 0.017460 0.052885
1 0.768254 0.286859 0.017460 0.054487
1 0.874206 0.415064 0.024603 0.064103
1 0.861905 0.515224 0.028571 0.075321
1 0.791270 0.421474 0.034921 0.083333
1 0.729365 0.391026 0.026984 0.070513
1 0.663492 0.399038 0.025397 0.067308
1 0.616270 0.360577 0.026190 0.064103
1 0.559524 0.342147 0.028571 0.059295