1 0.024645 0.398561 0.024227 0.051799
1 0.235589 0.335971 0.018379 0.033094
1 0.266082 0.341727 0.020886 0.038849
1 0.291980 0.365468 0.020886 0.040288
1 0.290727 0.300719 0.016708 0.037410
1 0.345029 0.359712 0.020050 0.037410
1 0.362991 0.287050 0.015873 0.033094
1 0.376775 0.320144 0.015038 0.041727
1 0.392648 0.335971 0.015038 0.030216
1 0.418964 0.335252 0.020886 0.037410
1 0.414369 0.294964 0.018379 0.034532
1 0.407686 0.274101 0.015038 0.027338
1 0.394319 0.254676 0.015038 0.025899
1 0.431495 0.257554 0.012531 0.025899
1 0.436090 0.276978 0.015038 0.027338
1 0.448622 0.301439 0.018379 0.033094
1 0.460317 0.333813 0.020050 0.040288
1 0.480785 0.300719 0.017544 0.025899
1 0.465748 0.242446 0.010860 0.027338
1 0.478279 0.233094 0.012531 0.025899
1 0.501253 0.261151 0.015038 0.033094
1 0.528822 0.244604 0.015038 0.020144
1 0.525480 0.269784 0.015038 0.030216
1 0.565163 0.279856 0.012531 0.027338
1 0.543442 0.259712 0.014202 0.027338
1 0.527151 0.306475 0.016708 0.034532
1 0.520886 0.235252 0.012531 0.018705
1 0.560568 0.223741 0.013367 0.024460
1 0.583542 0.217266 0.012531 0.020144
1 0.570175 0.254676 0.015873 0.025899
1 0.581036 0.240288 0.014202 0.025899
1 0.509190 0.391367 0.030911 0.057554
1 0.550125 0.360432 0.024227 0.047482
1 0.553885 0.402158 0.026734 0.056115
1 0.607352 0.322302 0.023392 0.040288
1 0.614035 0.217986 0.013367 0.024460
1 0.623225 0.200719 0.011696 0.027338
1 0.621972 0.246043 0.015873 0.031655
1 0.637427 0.212230 0.010025 0.024460
1 0.634503 0.233094 0.012531 0.028777
1 0.648705 0.224460 0.012531 0.028777
1 0.666249 0.215827 0.010860 0.025899
1 0.680451 0.220863 0.010860 0.027338
1 0.656642 0.242446 0.016708 0.027338
1 0.686717 0.265468 0.018379 0.035971
1 0.698413 0.225899 0.011696 0.031655
1 0.643275 0.295683 0.020050 0.041727
1 0.659566 0.329496 0.019215 0.040288
1 0.672515 0.364029 0.025063 0.048921
1 0.623642 0.370504 0.027569 0.050360
1 0.622807 0.425180 0.029240 0.058993
1 0.681287 0.446043 0.034252 0.066187
1 0.699666 0.349640 0.025898 0.051799
1 0.713450 0.256835 0.015038 0.033094
1 0.730994 0.284173 0.016708 0.038849
1 0.746449 0.247482 0.012531 0.028777
1 0.753968 0.217986 0.012531 0.030216
1 0.758981 0.264029 0.012531 0.027338
1 0.775689 0.251079 0.014202 0.030216
1 0.776942 0.276259 0.015038 0.034532
1 0.796157 0.225899 0.013367 0.034532
1 0.787385 0.259712 0.014202 0.038849
1 0.822891 0.243885 0.015038 0.035971
1 0.855472 0.253957 0.011696 0.030216
1 0.873016 0.261871 0.011696 0.031655
1 0.887218 0.244604 0.011696 0.031655
1 0.913534 0.271942 0.014202 0.031655
1 0.950710 0.276978 0.011696 0.024460
1 0.948622 0.304317 0.014202 0.030216
1 0.937761 0.314388 0.015873 0.030216
1 0.941938 0.347482 0.017544 0.041727
1 0.892231 0.308633 0.015038 0.035971
1 0.868003 0.282014 0.013367 0.031655
1 0.856307 0.306475 0.021721 0.037410
1 0.828739 0.302158 0.015038 0.034532
1 0.822055 0.338129 0.016708 0.034532
1 0.827068 0.358273 0.023392 0.048921
1 0.885547 0.336691 0.016708 0.043165
1 0.930660 0.390647 0.021721 0.050360
1 0.873851 0.411511 0.023392 0.043165
1 0.921470 0.462590 0.030075 0.061871
1 0.857561 0.441727 0.030911 0.063309
1 0.842941 0.493525 0.031746 0.069065
1 0.748120 0.394245 0.027569 0.048921
1 0.798246 0.399281 0.027569 0.058993
1 0.725564 0.502158 0.040936 0.080576