1 0.085925 0.575704 0.045827 0.105634
1 0.183715 0.302817 0.018822 0.052817
1 0.213584 0.295775 0.022913 0.052817
1 0.256137 0.253521 0.021277 0.038732
1 0.296645 0.231514 0.020458 0.047535
1 0.297872 0.256162 0.021277 0.044014
1 0.319149 0.239437 0.018003 0.045775
1 0.339198 0.223592 0.015548 0.035211
1 0.353928 0.210387 0.020458 0.033451
1 0.380524 0.199824 0.018003 0.040493
1 0.378069 0.255282 0.018003 0.035211
1 0.357610 0.279049 0.022913 0.047535
1 0.430442 0.325704 0.024550 0.056338
1 0.425941 0.204225 0.015548 0.038732
1 0.432079 0.175176 0.013093 0.044014
1 0.447218 0.176937 0.015548 0.029930
1 0.463993 0.164613 0.016367 0.040493
1 0.484861 0.165493 0.013912 0.042254
1 0.483633 0.217430 0.016367 0.040493
1 0.461129 0.264965 0.020458 0.047535
1 0.511866 0.178697 0.017185 0.047535
1 0.547463 0.147007 0.013093 0.040493
1 0.570786 0.144366 0.013912 0.035211
1 0.589607 0.135563 0.013912 0.035211
1 0.600245 0.162852 0.015548 0.033451
1 0.572831 0.208627 0.016367 0.040493
1 0.547054 0.228873 0.015548 0.038732
1 0.623977 0.134683 0.015548 0.029930
1 0.616612 0.208627 0.013912 0.040493
1 0.598200 0.202465 0.016367 0.042254
1 0.650164 0.147887 0.013912 0.035211
1 0.662848 0.141725 0.014730 0.029930
1 0.651391 0.190141 0.014730 0.035211
1 0.684943 0.147007 0.014730 0.029930
1 0.684534 0.174296 0.013912 0.042254
1 0.704173 0.169894 0.015548 0.036972
1 0.689853 0.222711 0.016367 0.036972
1 0.667758 0.244718 0.021277 0.049296
1 0.617840 0.308979 0.022913 0.047535
1 0.567103 0.360035 0.027823 0.061620
1 0.602291 0.381162 0.024550 0.058099
1 0.654255 0.411972 0.027005 0.059859
1 0.716858 0.417254 0.024550 0.070423
1 0.789280 0.463908 0.027005 0.079225
1 0.863748 0.513204 0.025368 0.079225
1 0.886661 0.426937 0.020458 0.054577
1 0.952946 0.506162 0.022095 0.068662
1 0.944763 0.396127 0.020458 0.056338
1 0.974632 0.380282 0.016367 0.049296
1 0.984452 0.277289 0.013093 0.044014
1 0.946399 0.256162 0.013912 0.033451
1 0.976268 0.338908 0.018003 0.047535
1 0.930851 0.286092 0.015548 0.044014
1 0.903028 0.241197 0.015548 0.035211
1 0.900164 0.276408 0.014730 0.035211
1 0.887889 0.299296 0.014730 0.045775
1 0.870295 0.244718 0.012275 0.038732
1 0.840426 0.234155 0.018003 0.042254
1 0.820376 0.245599 0.015548 0.036972
1 0.797872 0.238556 0.014730 0.033451
1 0.807692 0.202465 0.016367 0.038732
1 0.769231 0.198944 0.014730 0.042254
1 0.745908 0.205986 0.017185 0.038732
1 0.739771 0.244718 0.016367 0.042254
1 0.728723 0.234155 0.015548 0.031690
1 0.749182 0.302817 0.015548 0.052817
1 0.813011 0.314261 0.020458 0.051056
1 0.786825 0.282570 0.017185 0.047535
1 0.862520 0.357394 0.018003 0.049296
1 0.865385 0.326585 0.018822 0.051056
1 0.922668 0.353873 0.017185 0.052817