1 0.255339 0.270000 0.018570 0.033333
1 0.329155 0.208333 0.012071 0.026667
1 0.350046 0.207500 0.014856 0.028333
1 0.372795 0.186667 0.012071 0.030000
1 0.379294 0.190833 0.012071 0.028333
1 0.400186 0.215833 0.016713 0.035000
1 0.415042 0.190000 0.014856 0.033333
1 0.326834 0.250000 0.018570 0.036667
1 0.370474 0.260000 0.020427 0.036667
1 0.376045 0.270000 0.020427 0.030000
1 0.389044 0.296667 0.025998 0.040000
1 0.448932 0.189167 0.015785 0.028333
1 0.454039 0.225833 0.018570 0.031667
1 0.468895 0.231667 0.020427 0.036667
1 0.477716 0.194167 0.019499 0.038333
1 0.490715 0.175833 0.015785 0.035000
1 0.482358 0.137500 0.012071 0.021667
1 0.503250 0.193333 0.018570 0.030000
1 0.521356 0.170000 0.017642 0.030000
1 0.529248 0.220000 0.018570 0.023333
1 0.562210 0.125833 0.013928 0.021667
1 0.646704 0.122500 0.012071 0.021667
1 0.637883 0.138333 0.016713 0.023333
1 0.583101 0.164167 0.014856 0.031667
1 0.613278 0.200000 0.019499 0.040000
1 0.549211 0.250000 0.025070 0.036667
1 0.553389 0.327500 0.027855 0.048333
1 0.613278 0.343333 0.030641 0.046667
1 0.604457 0.284167 0.022284 0.041667
1 0.651346 0.269167 0.028784 0.048333
1 0.668988 0.222500 0.019499 0.041667
1 0.698236 0.246667 0.020427 0.040000
1 0.715413 0.286667 0.023213 0.040000
1 0.759981 0.311667 0.025070 0.050000
1 0.836583 0.310000 0.022284 0.046667
1 0.840297 0.255000 0.020427 0.056667
1 0.909471 0.275000 0.019499 0.040000
1 0.903900 0.235833 0.017642 0.038333
1 0.880223 0.195833 0.012999 0.031667
1 0.886258 0.169167 0.015785 0.031667
1 0.839833 0.161667 0.017642 0.036667
1 0.775302 0.145000 0.016713 0.030000
1 0.819406 0.136667 0.015785 0.030000
1 0.761374 0.139167 0.016713 0.031667
1 0.732126 0.135833 0.015785 0.021667
1 0.737697 0.149167 0.019499 0.025000
1 0.731198 0.173333 0.017642 0.033333
1 0.743268 0.194167 0.017642 0.028333
1 0.776230 0.220833 0.020427 0.035000
1 0.800371 0.189167 0.018570 0.035000
1 0.759053 0.236667 0.021356 0.043333
1 0.698236 0.189167 0.016713 0.031667
1 0.690808 0.163333 0.018570 0.033333
1 0.705200 0.153333 0.017642 0.030000