1 0.054087 0.209821 0.013622 0.037500
1 0.044872 0.242857 0.014423 0.035714
1 0.057692 0.260714 0.016026 0.042857
1 0.090144 0.434821 0.023237 0.055357
1 0.076122 0.499107 0.024038 0.055357
1 0.106170 0.566071 0.026442 0.075000
1 0.199119 0.446429 0.021635 0.060714
1 0.241186 0.377679 0.022436 0.055357
1 0.256811 0.300893 0.020032 0.044643
1 0.177083 0.281250 0.017628 0.044643
1 0.175881 0.244643 0.015224 0.032143
1 0.137420 0.255357 0.018429 0.039286
1 0.122196 0.231250 0.016827 0.037500
1 0.160256 0.164286 0.014423 0.039286
1 0.171875 0.187500 0.013622 0.032143
1 0.197917 0.192857 0.017628 0.042857
1 0.210737 0.134821 0.011218 0.030357
1 0.222756 0.137500 0.011218 0.032143
1 0.254808 0.127679 0.012821 0.030357
1 0.304888 0.149107 0.015224 0.033929
1 0.301282 0.170536 0.016026 0.037500
1 0.295272 0.208929 0.018429 0.039286
1 0.325321 0.238393 0.014423 0.041071
1 0.349359 0.214286 0.017628 0.035714
1 0.380208 0.185714 0.015224 0.042857
1 0.364583 0.087500 0.012821 0.032143
1 0.411458 0.093750 0.013622 0.030357
1 0.433894 0.087500 0.013622 0.032143
1 0.484776 0.093750 0.012821 0.033929
1 0.471955 0.140179 0.014423 0.030357
1 0.476362 0.170536 0.015224 0.033929
1 0.501202 0.179464 0.016827 0.037500
1 0.493189 0.229464 0.018429 0.044643
1 0.465946 0.289286 0.020032 0.046429
1 0.567708 0.179464 0.013622 0.033929
1 0.576923 0.209821 0.014423 0.037500
1 0.581731 0.150000 0.014423 0.032143
1 0.600160 0.142857 0.016026 0.028571
1 0.591346 0.107143 0.011218 0.032143
1 0.624599 0.121429 0.016827 0.028571
1 0.524840 0.081250 0.012821 0.023214
1 0.519231 0.111607 0.014423 0.023214
1 0.569311 0.321429 0.024840 0.053571
1 0.574119 0.475893 0.023237 0.073214
1 0.635016 0.254464 0.016827 0.033929
1 0.646635 0.158929 0.012821 0.032143
1 0.705929 0.225893 0.012821 0.033929
1 0.718349 0.222321 0.015224 0.030357
1 0.732772 0.208036 0.015224 0.037500
1 0.714744 0.280357 0.019231 0.035714
1 0.687500 0.340179 0.024038 0.048214
1 0.784455 0.381250 0.022436 0.048214
1 0.780449 0.216071 0.017628 0.035714
1 0.818109 0.246429 0.017628 0.028571
1 0.858974 0.283929 0.014423 0.039286
1 0.925481 0.361607 0.017628 0.037500