1 0.174190 0.393617 0.053974 0.088652
1 0.317959 0.234929 0.017664 0.040780
1 0.323847 0.210106 0.019627 0.033688
1 0.349362 0.203901 0.019627 0.039007
1 0.414622 0.195922 0.018646 0.040780
1 0.441119 0.211879 0.020608 0.037234
1 0.419038 0.162234 0.013739 0.033688
1 0.430815 0.174645 0.015702 0.030142
1 0.454858 0.175532 0.018646 0.035461
1 0.465162 0.150709 0.013739 0.028369
1 0.476447 0.129433 0.012758 0.028369
1 0.493621 0.144504 0.011776 0.026596
1 0.497056 0.157801 0.014720 0.031915
1 0.488714 0.214539 0.019627 0.042553
1 0.481845 0.189716 0.019627 0.031915
1 0.529441 0.271277 0.022571 0.049645
1 0.507360 0.140071 0.011776 0.024823
1 0.517174 0.140957 0.013739 0.033688
1 0.516683 0.114362 0.012758 0.030142
1 0.538273 0.125000 0.010795 0.023050
1 0.550540 0.126773 0.013739 0.030142
1 0.540236 0.151596 0.012758 0.033688
1 0.556919 0.166667 0.014720 0.035461
1 0.547596 0.190603 0.017664 0.037234
1 0.578018 0.140071 0.015702 0.031915
1 0.593229 0.109929 0.012758 0.024823
1 0.625123 0.099291 0.011776 0.024823
1 0.621197 0.118794 0.013739 0.028369
1 0.605496 0.146277 0.013739 0.037234
1 0.593229 0.171986 0.018646 0.031915
1 0.597154 0.238475 0.018646 0.040780
1 0.578508 0.290780 0.026497 0.053191
1 0.606477 0.304078 0.033366 0.076241
1 0.645240 0.197695 0.018646 0.044326
1 0.643768 0.101064 0.011776 0.024823
1 0.645240 0.131206 0.014720 0.035461
1 0.643768 0.145390 0.015702 0.028369
1 0.664377 0.106383 0.011776 0.031915
1 0.681060 0.141844 0.013739 0.028369
1 0.689892 0.124113 0.009814 0.028369
1 0.705594 0.121454 0.013739 0.033688
1 0.714917 0.170213 0.014720 0.031915
1 0.680079 0.174645 0.015702 0.037234
1 0.674190 0.215426 0.015702 0.037234
1 0.685967 0.262411 0.021590 0.042553
1 0.720805 0.228723 0.022571 0.046099
1 0.714426 0.198582 0.017664 0.035461
1 0.705594 0.319149 0.029441 0.063830
1 0.760059 0.125000 0.014720 0.030142
1 0.769872 0.129433 0.012758 0.031915
1 0.764966 0.150709 0.012758 0.035461
1 0.751717 0.176418 0.015702 0.040780
1 0.783611 0.183511 0.016683 0.040780
1 0.742885 0.386525 0.031403 0.067376
1 0.793425 0.134752 0.016683 0.028369
1 0.803729 0.164894 0.013739 0.028369
1 0.797841 0.202128 0.013739 0.042553
1 0.816487 0.192376 0.013739 0.033688
1 0.829735 0.174645 0.012758 0.033688
1 0.846909 0.148936 0.015702 0.031915
1 0.861138 0.187057 0.014720 0.037234
1 0.847399 0.209220 0.016683 0.046099
1 0.813543 0.269504 0.019627 0.053191
1 0.780177 0.296099 0.023553 0.063830
1 0.834642 0.357270 0.026497 0.065603
1 0.856232 0.310284 0.020608 0.056738
1 0.883219 0.226064 0.015702 0.044326
1 0.873896 0.187943 0.012758 0.028369
1 0.887635 0.149823 0.012758 0.030142
1 0.886163 0.166667 0.015702 0.031915
1 0.892542 0.203014 0.016683 0.044326
1 0.894504 0.187057 0.014720 0.033688
1 0.916585 0.171986 0.011776 0.031915
1 0.923945 0.175532 0.014720 0.042553
1 0.949951 0.172872 0.015702 0.033688
1 0.940137 0.198582 0.013739 0.035461
1 0.943572 0.235816 0.016683 0.042553
1 0.924436 0.238475 0.017664 0.040780
1 0.933268 0.287234 0.021590 0.060284
1 0.880275 0.284574 0.019627 0.054965
1 0.924926 0.374113 0.024534 0.067376
1 0.901865 0.421099 0.031403 0.076241