0 0.978365 0.460241 0.024038 0.028916
0 0.784856 0.465060 0.026442 0.033735
0 0.887019 0.480723 0.033654 0.060241
0 0.856971 0.498795 0.060096 0.081928
0 0.122596 0.474699 0.062500 0.096386
0 0.187500 0.474699 0.081731 0.096386
0 0.235577 0.485542 0.057692 0.098795
0 0.305288 0.480723 0.052885 0.065060
0 0.420673 0.466265 0.062500 0.079518
0 0.495192 0.463855 0.072115 0.098795
0 0.556490 0.466265 0.040865 0.055422
0 0.606971 0.456627 0.060096 0.079518
0 0.674279 0.459036 0.016827 0.031325
0 0.711538 0.462651 0.048077 0.072289