0 0.032452 0.075721 0.060096 0.093750
0 0.046875 0.030048 0.040865 0.050481
0 0.116587 0.033654 0.069712 0.062500
0 0.168269 0.031250 0.033654 0.052885
0 0.217548 0.045673 0.045673 0.052885
0 0.362981 0.045673 0.052885 0.062500
0 0.442308 0.074519 0.048077 0.057692
0 0.475962 0.056490 0.033654 0.040865
0 0.652644 0.062500 0.045673 0.052885
0 0.875000 0.038462 0.043269 0.043269
0 0.955529 0.080529 0.031250 0.040865
0 0.979567 0.058894 0.040865 0.079327
0 0.028846 0.360577 0.052885 0.091346
0 0.043269 0.408654 0.038462 0.043269
0 0.117788 0.413462 0.067308 0.072115
0 0.167067 0.397837 0.036058 0.040865
0 0.215144 0.391827 0.040865 0.052885
0 0.360577 0.395433 0.048077 0.064904
0 0.443510 0.362981 0.045673 0.052885
0 0.650240 0.377404 0.055288 0.057692
0 0.873798 0.401442 0.040865 0.048077
0 0.957933 0.358173 0.031250 0.038462
0 0.978365 0.372596 0.043269 0.076923