1 0.875000 0.337740 0.105769 0.098558
1 0.572115 0.288462 0.076923 0.081731
1 0.306490 0.310096 0.055288 0.052885
1 0.186298 0.319712 0.045673 0.048077
0 0.091346 0.341346 0.043269 0.052885
1 0.423077 0.331731 0.038462 0.038462
1 0.471154 0.341346 0.024038 0.033654
1 0.612981 0.299279 0.028846 0.055288
1 0.640625 0.314904 0.031250 0.043269
1 0.680288 0.340144 0.024038 0.021635
1 0.235577 0.332933 0.033654 0.036058
1 0.875000 0.028846 0.100962 0.052885
1 0.570913 0.060096 0.079327 0.081731
1 0.306490 0.037260 0.050481 0.060096
1 0.423077 0.016827 0.038462 0.028846
1 0.185096 0.026442 0.048077 0.048077
1 0.235577 0.016827 0.033654 0.028846
0 0.091346 0.018029 0.043269 0.031250
1 0.474760 0.010817 0.026442 0.016827
1 0.612981 0.043269 0.033654 0.048077
1 0.640625 0.028846 0.031250 0.043269