1 0.033654 0.487952 0.057692 0.060241
1 0.079327 0.507229 0.076923 0.074699
1 0.173077 0.522892 0.076923 0.086747
1 0.195913 0.449398 0.045673 0.055422
1 0.319712 0.445783 0.043269 0.048193
1 0.411058 0.443373 0.033654 0.048193
1 0.483173 0.439759 0.028846 0.040964
1 0.498798 0.419277 0.021635 0.028916
1 0.543269 0.431325 0.024038 0.033735
1 0.685096 0.431325 0.024038 0.033735
1 0.765625 0.434940 0.031250 0.036145
1 0.820913 0.449398 0.036058 0.031325
1 0.733173 0.575904 0.105769 0.120482
1 0.742788 0.504819 0.081731 0.040964
1 0.819712 0.498795 0.062500 0.062651
1 0.873798 0.493976 0.050481 0.062651
1 0.925481 0.467470 0.052885 0.048193
1 0.341346 0.565060 0.105769 0.108434