1 0.058894 0.332530 0.112981 0.168675
1 0.163462 0.368675 0.091346 0.125301
1 0.287260 0.343373 0.117788 0.185542
1 0.460337 0.401205 0.108173 0.161446
1 0.524038 0.371084 0.067308 0.134940
1 0.651442 0.401205 0.057692 0.142169
1 0.740385 0.444578 0.120192 0.156627
1 0.846154 0.346988 0.105769 0.154217
1 0.959135 0.333735 0.081731 0.161446
1 0.058894 0.080723 0.112981 0.146988
1 0.161058 0.054217 0.096154 0.103614
1 0.280048 0.083133 0.132212 0.161446
1 0.465144 0.051807 0.108173 0.098795
1 0.525240 0.049398 0.069712 0.093976
1 0.725962 0.048193 0.105769 0.091566
1 0.846154 0.069880 0.115385 0.134940
1 0.959135 0.073494 0.076923 0.142169