1 0.070175 0.306818 0.025341 0.050699
1 0.339181 0.222902 0.017544 0.040210
1 0.350877 0.196678 0.015595 0.036713
1 0.343080 0.180944 0.017544 0.036713
1 0.408382 0.204545 0.017544 0.038462
1 0.418129 0.174825 0.015595 0.031469
1 0.424951 0.152972 0.013645 0.029720
1 0.450292 0.175699 0.019493 0.029720
1 0.437622 0.229895 0.021442 0.040210
1 0.475146 0.226399 0.020468 0.047203
1 0.472222 0.187937 0.020468 0.043706
1 0.453216 0.150350 0.013645 0.031469
1 0.462476 0.144231 0.014620 0.033217
1 0.471735 0.157343 0.015595 0.034965
1 0.497563 0.140734 0.012671 0.026224
1 0.511696 0.126748 0.013645 0.022727
1 0.522904 0.132867 0.010721 0.024476
1 0.535088 0.136364 0.013645 0.031469
1 0.525828 0.155594 0.016569 0.034965
1 0.503411 0.161713 0.014620 0.029720
1 0.549708 0.118881 0.011696 0.027972
1 0.560429 0.152972 0.013645 0.033217
1 0.554094 0.186189 0.014620 0.033217
1 0.555068 0.156469 0.016569 0.026224
1 0.584308 0.170455 0.018519 0.033217
1 0.590156 0.144231 0.014620 0.026224
1 0.517057 0.286713 0.026316 0.041958
1 0.554094 0.295455 0.028265 0.059441
1 0.575049 0.247378 0.023392 0.050699
1 0.613060 0.264860 0.029240 0.047203
1 0.620858 0.297203 0.029240 0.062937
1 0.620858 0.207168 0.021442 0.043706
1 0.598928 0.124126 0.012671 0.027972
1 0.611111 0.112762 0.011696 0.026224
1 0.617446 0.142483 0.016569 0.040210
1 0.632066 0.157343 0.014620 0.034965
1 0.632554 0.102273 0.011696 0.029720
1 0.649123 0.136364 0.011696 0.027972
1 0.656433 0.105769 0.012671 0.026224
1 0.659357 0.120629 0.012671 0.024476
1 0.678850 0.111888 0.010721 0.024476
1 0.677875 0.128497 0.010721 0.026224
1 0.699318 0.124126 0.012671 0.024476
1 0.726121 0.146853 0.015595 0.034965
1 0.704191 0.159965 0.014620 0.029720
1 0.667641 0.175699 0.019493 0.040210
1 0.663255 0.214161 0.018519 0.043706
1 0.668616 0.270979 0.023392 0.048951
1 0.675926 0.334790 0.032164 0.068182
1 0.708577 0.222028 0.021442 0.055944
1 0.702729 0.192308 0.019493 0.041958
1 0.737817 0.169580 0.011696 0.031469
1 0.743665 0.129371 0.015595 0.031469
1 0.767544 0.175699 0.014620 0.029720
1 0.740741 0.159091 0.013645 0.027972
1 0.778752 0.131119 0.011696 0.027972
1 0.797758 0.173951 0.012671 0.033217
1 0.778265 0.200175 0.016569 0.040210
1 0.793860 0.286713 0.020468 0.062937
1 0.814815 0.256993 0.015595 0.048951
1 0.839669 0.215909 0.016569 0.036713
1 0.808967 0.197552 0.015595 0.034965
1 0.755361 0.340035 0.027290 0.057692
1 0.828947 0.352273 0.028265 0.064685
1 0.845517 0.305070 0.020468 0.057692
1 0.865984 0.284965 0.020468 0.055944
1 0.875731 0.228147 0.016569 0.047203
1 0.824074 0.181818 0.014620 0.038462
1 0.834308 0.154720 0.015595 0.033217
1 0.846004 0.191434 0.013645 0.040210
1 0.860624 0.187937 0.011696 0.033217
1 0.871345 0.165210 0.013645 0.040210
1 0.881579 0.201923 0.014620 0.033217
1 0.893762 0.194056 0.011696 0.045455
1 0.900585 0.188811 0.009747 0.027972
1 0.935185 0.177448 0.012671 0.040210
1 0.932261 0.208042 0.012671 0.038462
1 0.934698 0.253497 0.013645 0.041958
1 0.913255 0.281469 0.019493 0.052448
1 0.910819 0.319056 0.022417 0.061189