1 0.484375 0.317308 0.040865 0.048077
1 0.481971 0.121394 0.050481 0.055288
1 0.233173 0.335337 0.052885 0.069712
1 0.174279 0.381010 0.069712 0.088942
1 0.074519 0.336538 0.081731 0.052885
1 0.091346 0.401442 0.076923 0.110577
1 0.034856 0.420673 0.064904 0.129808
1 0.981971 0.461538 0.036058 0.153846
1 0.919471 0.425481 0.093750 0.129808
1 0.793269 0.368990 0.076923 0.103365
1 0.746394 0.370192 0.036058 0.086538
1 0.856971 0.340144 0.060096 0.064904
1 0.236779 0.098558 0.060096 0.076923
1 0.173077 0.061298 0.072115 0.088942
1 0.079327 0.100962 0.081731 0.052885
1 0.097356 0.037260 0.064904 0.069712
1 0.036058 0.040865 0.067308 0.076923
1 0.717548 0.117788 0.060096 0.067308
1 0.750000 0.070913 0.038462 0.084135
1 0.798077 0.069712 0.091346 0.105769
1 0.855769 0.094952 0.067308 0.064904
1 0.924279 0.040865 0.098558 0.076923