1 0.034112 0.399340 0.027103 0.072607
1 0.266355 0.264026 0.014953 0.033003
1 0.289720 0.270627 0.020561 0.036304
1 0.313551 0.287129 0.019626 0.039604
1 0.325701 0.251650 0.017757 0.041254
1 0.315421 0.235149 0.014019 0.031353
1 0.351869 0.276403 0.021495 0.044554
1 0.353738 0.231023 0.015888 0.033003
1 0.410280 0.292079 0.022430 0.049505
1 0.421495 0.227723 0.018692 0.039604
1 0.379907 0.228548 0.017757 0.031353
1 0.380841 0.214521 0.014019 0.026403
1 0.390187 0.199670 0.014019 0.029703
1 0.469626 0.234323 0.019626 0.039604
1 0.455140 0.222772 0.016822 0.036304
1 0.434112 0.183993 0.015888 0.028053
1 0.440654 0.204620 0.017757 0.033003
1 0.458879 0.176568 0.014953 0.029703
1 0.466822 0.202970 0.015888 0.033003
1 0.505607 0.202145 0.016822 0.034653
1 0.483645 0.171617 0.014019 0.029703
1 0.476636 0.155116 0.013084 0.023102
1 0.491589 0.136139 0.011215 0.024752
1 0.511682 0.167492 0.014019 0.028053
1 0.541589 0.169142 0.014019 0.028053
1 0.549533 0.201320 0.018692 0.036304
1 0.568692 0.171617 0.017757 0.036304
1 0.534112 0.141089 0.014019 0.028053
1 0.558411 0.154290 0.014019 0.031353
1 0.566355 0.138614 0.013084 0.023102
1 0.572430 0.117162 0.010280 0.023102
1 0.591589 0.156766 0.013084 0.026403
1 0.615421 0.159241 0.015888 0.031353
1 0.588785 0.137789 0.011215 0.024752
1 0.593925 0.110561 0.010280 0.023102
1 0.615421 0.141914 0.012150 0.023102
1 0.614019 0.122112 0.013084 0.023102
1 0.629439 0.103960 0.008411 0.019802
1 0.643925 0.108911 0.011215 0.026403
1 0.654673 0.117987 0.012150 0.028053
1 0.672897 0.126238 0.013084 0.028053
1 0.705140 0.104785 0.012150 0.031353
1 0.603738 0.210396 0.020561 0.041254
1 0.573832 0.248350 0.020561 0.041254
1 0.497196 0.296205 0.024299 0.044554
1 0.550467 0.304455 0.024299 0.054455
1 0.613551 0.257426 0.025234 0.049505
1 0.611215 0.330858 0.033645 0.057756
1 0.665888 0.257426 0.025234 0.046205
1 0.682243 0.343234 0.029907 0.066007
1 0.712617 0.291254 0.027103 0.054455
1 0.665888 0.216997 0.019626 0.047855
1 0.712150 0.221947 0.020561 0.051155
1 0.659346 0.182343 0.017757 0.037954
1 0.689720 0.159241 0.014953 0.041254
1 0.709813 0.145215 0.014019 0.033003
1 0.705607 0.185644 0.018692 0.037954
1 0.742523 0.123762 0.014019 0.033003
1 0.750467 0.115512 0.011215 0.023102
1 0.750000 0.145215 0.012150 0.033003
1 0.736916 0.162541 0.014019 0.031353
1 0.753271 0.188944 0.016822 0.037954
1 0.761215 0.228548 0.019626 0.047855
1 0.781776 0.290429 0.023364 0.052805
1 0.773364 0.174092 0.015888 0.034653
1 0.771028 0.138614 0.013084 0.026403
1 0.786916 0.121287 0.011215 0.024752
1 0.807009 0.147690 0.010280 0.028053
1 0.823364 0.128713 0.011215 0.026403
1 0.830841 0.143564 0.013084 0.033003
1 0.817757 0.174092 0.013084 0.034653
1 0.801869 0.196370 0.014953 0.029703
1 0.849533 0.189769 0.014953 0.039604
1 0.855140 0.157591 0.013084 0.034653
1 0.868692 0.159241 0.012150 0.028053
1 0.873364 0.139439 0.012150 0.028053
1 0.901402 0.133663 0.012150 0.026403
1 0.894860 0.178218 0.012150 0.033003
1 0.882710 0.199670 0.015888 0.036304
1 0.869159 0.221947 0.016822 0.037954
1 0.925701 0.184818 0.015888 0.036304
1 0.922430 0.279703 0.020561 0.047855
1 0.937383 0.163366 0.013084 0.033003