1 0.063702 0.358173 0.060096 0.072115
1 0.182692 0.317308 0.057692 0.067308
1 0.224760 0.268029 0.045673 0.064904
1 0.304087 0.326923 0.055288 0.072115
1 0.364183 0.304087 0.040865 0.069712
1 0.429087 0.262019 0.045673 0.057692
1 0.501202 0.284856 0.045673 0.069712
1 0.474760 0.334135 0.050481 0.067308
1 0.543269 0.241587 0.019231 0.026442
1 0.584135 0.231971 0.019231 0.021635
1 0.612981 0.284856 0.052885 0.074519
1 0.664663 0.286058 0.045673 0.062500
1 0.764423 0.233173 0.038462 0.043269
1 0.838942 0.257212 0.043269 0.062500
1 0.760817 0.293269 0.060096 0.081731
1 0.837740 0.317308 0.050481 0.057692
1 0.807692 0.387019 0.052885 0.057692
1 0.939904 0.358173 0.048077 0.086538
1 0.763221 0.030048 0.040865 0.055288