1 0.037140 0.391269 0.029712 0.064250
1 0.889972 0.130148 0.015785 0.036244
1 0.863045 0.126030 0.015785 0.031301
1 0.741411 0.101318 0.010214 0.034596
1 0.682916 0.101318 0.013928 0.031301
1 0.634169 0.102965 0.011142 0.031301
1 0.612813 0.103789 0.016713 0.029654
1 0.773445 0.117792 0.014856 0.031301
1 0.564995 0.112026 0.013928 0.019769
1 0.667131 0.121911 0.015785 0.023064
1 0.704271 0.134267 0.015785 0.031301
1 0.789229 0.130148 0.012999 0.026359
1 0.804550 0.139209 0.013928 0.024712
1 0.821263 0.134267 0.017642 0.034596
1 0.844940 0.154036 0.020427 0.037891
1 0.858403 0.149918 0.013928 0.026359
1 0.884401 0.168863 0.013928 0.028007
1 0.925255 0.163097 0.017642 0.032949
1 0.725627 0.155684 0.015785 0.031301
1 0.746982 0.152389 0.017642 0.037891
1 0.789229 0.173806 0.016713 0.034596
1 0.841690 0.196046 0.015785 0.029654
1 0.480966 0.129325 0.011142 0.028007
1 0.525534 0.137562 0.024141 0.034596
1 0.548747 0.146623 0.018570 0.036244
1 0.614670 0.142504 0.020427 0.031301
1 0.578923 0.149094 0.019499 0.034596
1 0.568709 0.160626 0.021356 0.037891
1 0.449861 0.144152 0.013928 0.024712
1 0.406685 0.171334 0.018570 0.032949
1 0.344011 0.217463 0.021356 0.039539
1 0.321263 0.222405 0.014856 0.036244
1 0.300836 0.253707 0.024141 0.042834
1 0.279480 0.275124 0.022284 0.036244
1 0.255339 0.280890 0.022284 0.037891
1 0.369545 0.224053 0.022284 0.029654
1 0.328691 0.269357 0.033426 0.051071
1 0.392758 0.303954 0.025998 0.047776
1 0.415506 0.220758 0.023213 0.036244
1 0.448004 0.169687 0.015785 0.019769
1 0.456825 0.198517 0.022284 0.024712
1 0.491643 0.227348 0.019499 0.046129
1 0.478180 0.161450 0.012999 0.029654
1 0.535283 0.200165 0.023213 0.041186
1 0.483751 0.298188 0.027855 0.059308
1 0.555710 0.295717 0.028784 0.051071
1 0.560817 0.238056 0.024141 0.047776
1 0.617920 0.189456 0.025070 0.046129
1 0.599350 0.248764 0.025070 0.042834
1 0.600743 0.323723 0.029712 0.051071
1 0.668524 0.335255 0.033426 0.070840
1 0.643918 0.176277 0.015785 0.039539
1 0.660631 0.207578 0.019499 0.036244
1 0.672238 0.245470 0.020427 0.042834
1 0.691272 0.217463 0.025070 0.052718
1 0.686165 0.170511 0.022284 0.034596
1 0.735840 0.203460 0.021356 0.057661
1 0.753946 0.231466 0.025998 0.047776
1 0.704735 0.285008 0.029712 0.059308
1 0.762303 0.280066 0.027855 0.052718
1 0.865367 0.217463 0.024141 0.046129
1 0.923863 0.271005 0.022284 0.057661
1 0.447075 0.224053 0.023213 0.042834
1 0.424791 0.182867 0.021356 0.029654
1 0.513928 0.173806 0.025070 0.041186
1 0.590529 0.104613 0.016713 0.031301
1 0.487929 0.206755 0.019499 0.037891
1 0.385794 0.210873 0.021356 0.032949
1 0.815227 0.169687 0.014856 0.032949