1 0.414938 0.220339 0.016598 0.033898
1 0.451591 0.245763 0.020747 0.036320
1 0.465422 0.179177 0.015214 0.033898
1 0.488243 0.186441 0.013831 0.029056
1 0.558783 0.184019 0.016598 0.029056
1 0.567773 0.193705 0.017981 0.033898
1 0.643845 0.139225 0.015214 0.036320
1 0.626556 0.147700 0.016598 0.029056
1 0.477178 0.108959 0.016598 0.024213
1 0.683264 0.185230 0.019364 0.036320
1 0.686722 0.231235 0.023513 0.046005
1 0.730982 0.236077 0.023513 0.046005
1 0.639696 0.233656 0.020747 0.036320
1 0.690871 0.290557 0.020747 0.043584
1 0.627939 0.288136 0.019364 0.038741
1 0.643845 0.335351 0.031812 0.055690
1 0.948133 0.251816 0.023513 0.043584