1 0.071023 0.349408 0.020833 0.049069
1 0.267519 0.249577 0.016098 0.038917
1 0.277936 0.267343 0.021780 0.033841
1 0.329545 0.212352 0.013258 0.035533
1 0.348485 0.206430 0.015152 0.030457
1 0.366951 0.192893 0.014205 0.037225
1 0.387784 0.188663 0.012311 0.032149
1 0.359375 0.227580 0.016098 0.032149
1 0.353220 0.265651 0.022727 0.043993
1 0.396780 0.254653 0.017045 0.035533
1 0.410985 0.268190 0.024621 0.042301
1 0.403409 0.211506 0.015152 0.033841
1 0.422348 0.186125 0.015152 0.037225
1 0.453125 0.186125 0.016098 0.033841
1 0.463542 0.150592 0.014205 0.027073
1 0.482481 0.153976 0.012311 0.030457
1 0.489583 0.131134 0.013258 0.025381
1 0.496686 0.147208 0.012311 0.027073
1 0.477273 0.192047 0.013258 0.032149
1 0.473485 0.229272 0.022727 0.038917
1 0.458333 0.228426 0.017045 0.033841
1 0.511837 0.181895 0.017992 0.035533
1 0.515152 0.166667 0.015152 0.032149
1 0.544981 0.186971 0.017992 0.042301
1 0.554451 0.157360 0.016098 0.037225
1 0.574811 0.115905 0.013258 0.028765
1 0.571023 0.143824 0.015152 0.030457
1 0.583333 0.165821 0.015152 0.030457
1 0.594223 0.142132 0.012311 0.030457
1 0.601326 0.116751 0.011364 0.027073
1 0.614583 0.119289 0.013258 0.038917
1 0.626894 0.137056 0.015152 0.030457
1 0.648674 0.112521 0.015152 0.028765
1 0.645360 0.134518 0.017992 0.035533
1 0.681818 0.107445 0.013258 0.032149
1 0.739583 0.113367 0.013258 0.027073
1 0.767519 0.121827 0.012311 0.027073
1 0.784564 0.134518 0.014205 0.038917
1 0.841856 0.148900 0.017045 0.033841
1 0.855587 0.149746 0.017992 0.038917
1 0.899621 0.150592 0.013258 0.027073
1 0.893939 0.170897 0.015152 0.037225
1 0.804451 0.160745 0.014205 0.033841
1 0.770360 0.156514 0.014205 0.032149
1 0.713542 0.142132 0.014205 0.030457
1 0.689867 0.145516 0.014205 0.033841
1 0.702652 0.176819 0.018939 0.042301
1 0.725852 0.169205 0.017992 0.033841
1 0.741004 0.190355 0.019886 0.042301
1 0.774148 0.202200 0.019886 0.052453
1 0.842803 0.206430 0.018939 0.047377
1 0.901042 0.201354 0.012311 0.037225
1 0.917614 0.220812 0.018939 0.035533
1 0.923769 0.250423 0.021780 0.043993
1 0.856534 0.307107 0.025568 0.055838
1 0.852273 0.273266 0.022727 0.052453
1 0.777936 0.258883 0.023674 0.054146
1 0.728220 0.262267 0.024621 0.050761
1 0.710227 0.210660 0.017045 0.038917
1 0.684659 0.250423 0.018939 0.043993
1 0.656723 0.195431 0.016098 0.032149
1 0.655303 0.174281 0.017045 0.033841
1 0.624053 0.204738 0.017045 0.037225
1 0.560606 0.240271 0.020833 0.037225
1 0.613636 0.257191 0.017045 0.030457
1 0.588542 0.286802 0.021780 0.042301
1 0.635890 0.303723 0.025568 0.052453
1 0.503788 0.287648 0.026515 0.050761