1 0.126629 0.630394 0.026873 0.071295
1 0.075326 0.539400 0.021987 0.058161
1 0.074919 0.448405 0.017915 0.056285
1 0.194218 0.463415 0.018730 0.067542
1 0.235342 0.389306 0.016287 0.050657
1 0.242264 0.314259 0.018730 0.039400
1 0.171010 0.275797 0.014658 0.037523
1 0.179560 0.187617 0.013844 0.033771
1 0.163274 0.189493 0.012215 0.030019
1 0.112785 0.212008 0.015472 0.037523
1 0.037052 0.196060 0.013844 0.028143
1 0.042345 0.258912 0.014658 0.041276
1 0.197476 0.130394 0.010586 0.031895
1 0.223941 0.143527 0.011401 0.028143
1 0.245928 0.118199 0.011401 0.037523
1 0.299267 0.145403 0.010586 0.028143
1 0.300081 0.171670 0.015472 0.039400
1 0.289088 0.206379 0.013029 0.041276
1 0.316368 0.245779 0.015472 0.037523
1 0.358306 0.216698 0.014658 0.043152
1 0.376221 0.181051 0.014658 0.039400
1 0.414902 0.171670 0.013844 0.039400
1 0.360749 0.087242 0.009772 0.031895
1 0.404316 0.092871 0.010586 0.028143
1 0.434853 0.096623 0.011401 0.024390
1 0.458469 0.143527 0.013029 0.028143
1 0.467834 0.134146 0.012215 0.028143
1 0.482492 0.076923 0.010586 0.030019
1 0.502443 0.043152 0.013029 0.030019
1 0.526873 0.080675 0.009772 0.022514
1 0.503257 0.180113 0.013029 0.037523
1 0.494300 0.230769 0.013029 0.041276
1 0.480863 0.304878 0.018730 0.039400
1 0.548860 0.179174 0.013029 0.028143
1 0.573697 0.206379 0.015472 0.033771
1 0.562704 0.322702 0.017915 0.048780
1 0.527280 0.484991 0.026873 0.054409
1 0.688925 0.353659 0.019544 0.046904
1 0.714984 0.285178 0.014658 0.037523
1 0.633550 0.255159 0.014658 0.030019
1 0.650244 0.151032 0.010586 0.028143
1 0.580619 0.151032 0.011401 0.024390
1 0.599349 0.146341 0.011401 0.026266
1 0.623779 0.115385 0.011401 0.028143
1 0.591205 0.097561 0.009772 0.022514
1 0.705619 0.230769 0.012215 0.033771
1 0.715391 0.218574 0.010586 0.031895
1 0.733306 0.217636 0.012215 0.030019
1 0.778094 0.214822 0.013844 0.031895
1 0.818404 0.242026 0.014658 0.037523
1 0.777687 0.372420 0.021173 0.058161
1 0.859528 0.285178 0.013844 0.033771
1 0.930375 0.383677 0.015472 0.039400