1 0.201123 0.437811 0.054256 0.099502
1 0.264266 0.263682 0.021515 0.033167
1 0.296071 0.263682 0.021515 0.039801
1 0.304958 0.248756 0.016838 0.026534
1 0.324602 0.272803 0.022451 0.034826
1 0.360150 0.257048 0.024322 0.043118
1 0.388681 0.261194 0.021515 0.041459
1 0.414406 0.257048 0.022451 0.043118
1 0.340973 0.209784 0.019645 0.031509
1 0.366698 0.213930 0.016838 0.033167
1 0.388213 0.224710 0.016838 0.034826
1 0.378391 0.182421 0.017774 0.033167
1 0.409261 0.178275 0.015903 0.028192
1 0.417680 0.194030 0.017774 0.033167
1 0.438260 0.195688 0.015903 0.033167
1 0.449486 0.223881 0.021515 0.039801
1 0.478952 0.224710 0.022451 0.038143
1 0.448550 0.156716 0.015903 0.028192
1 0.475210 0.168325 0.016838 0.031509
1 0.488307 0.191542 0.014967 0.034826
1 0.494855 0.135158 0.013096 0.024876
1 0.512629 0.195688 0.013096 0.036484
1 0.527596 0.157546 0.014967 0.026534
1 0.529935 0.203151 0.017774 0.041459
1 0.550982 0.246269 0.022451 0.054726
1 0.495790 0.296020 0.024322 0.051410
1 0.543499 0.315091 0.031805 0.059701
1 0.554724 0.156716 0.014967 0.031509
1 0.572030 0.168325 0.017774 0.034826
1 0.569224 0.145937 0.012161 0.023217
1 0.566885 0.125207 0.014967 0.024876
1 0.505145 0.145937 0.013096 0.023217
1 0.589804 0.149254 0.014032 0.029851
1 0.590739 0.120232 0.014032 0.028192
1 0.610384 0.155887 0.015903 0.033167
1 0.615061 0.120232 0.014032 0.031509
1 0.621141 0.114428 0.013096 0.033167
1 0.641721 0.115257 0.013096 0.028192
1 0.644995 0.139303 0.015903 0.033167
1 0.669785 0.123549 0.014967 0.028192
1 0.699252 0.148425 0.015903 0.031509
1 0.699719 0.179104 0.014967 0.039801
1 0.706735 0.211443 0.019645 0.044776
1 0.664172 0.213101 0.022451 0.048093
1 0.667446 0.180763 0.019645 0.043118
1 0.619738 0.198176 0.017774 0.041459
1 0.628625 0.243781 0.022451 0.053068
1 0.682881 0.250415 0.022451 0.046434
1 0.618803 0.325871 0.034612 0.054726
1 0.722170 0.292703 0.026193 0.054726
1 0.712348 0.152570 0.017774 0.033167
1 0.746492 0.115257 0.011225 0.028192
1 0.765669 0.125207 0.014032 0.028192
1 0.757250 0.137645 0.015903 0.029851
1 0.736202 0.162521 0.016838 0.033167
1 0.732928 0.191542 0.023386 0.041459
1 0.759121 0.237148 0.025257 0.059701
1 0.774556 0.280265 0.024322 0.053068
1 0.770346 0.163350 0.017774 0.034826
1 0.782507 0.196517 0.017774 0.041459
1 0.789055 0.148425 0.014032 0.031509
1 0.809635 0.168325 0.017774 0.031509
1 0.834892 0.149254 0.012161 0.033167
1 0.856876 0.157546 0.014967 0.033167
1 0.842844 0.174129 0.018709 0.039801
1 0.827877 0.210614 0.020580 0.043118
1 0.859214 0.261194 0.021515 0.058043
1 0.847053 0.315091 0.025257 0.063018
1 0.919083 0.266998 0.017774 0.053068
1 0.919551 0.238806 0.018709 0.039801
1 0.894294 0.206468 0.016838 0.041459
1 0.882133 0.164179 0.013096 0.033167
1 0.893826 0.155887 0.014032 0.033167
1 0.905987 0.186567 0.014032 0.034826