0 0.668269 0.274699 0.038462 0.057831
0 0.700721 0.281928 0.021635 0.048193
0 0.603365 0.301205 0.038462 0.053012
0 0.484375 0.322892 0.036058 0.043373
0 0.445913 0.308434 0.031250 0.057831
0 0.329327 0.297590 0.033654 0.050602
0 0.209135 0.334940 0.033654 0.043373
0 0.225962 0.313253 0.024038 0.043373
0 0.137019 0.313253 0.033654 0.048193
0 0.068510 0.315663 0.050481 0.053012
0 0.079327 0.024096 0.033654 0.043373
0 0.143029 0.021687 0.045673 0.038554
0 0.229567 0.021687 0.036058 0.038554
0 0.334135 0.032530 0.048077 0.045783
0 0.448317 0.027711 0.036058 0.050602
0 0.603365 0.034940 0.043269 0.050602
0 0.668269 0.055422 0.038462 0.062651
0 0.703125 0.053012 0.031250 0.048193