1 0.058605 0.412106 0.035349 0.081260
1 0.253488 0.282753 0.021395 0.031509
1 0.287907 0.267828 0.017674 0.031509
1 0.309302 0.283582 0.017674 0.039801
1 0.315349 0.254561 0.018605 0.038143
1 0.308837 0.225539 0.016744 0.026534
1 0.342326 0.224710 0.018605 0.031509
1 0.342326 0.275290 0.022326 0.036484
1 0.370698 0.213930 0.015814 0.033167
1 0.381860 0.199005 0.017674 0.023217
1 0.383721 0.212272 0.015814 0.033167
1 0.398140 0.296849 0.020465 0.043118
1 0.425116 0.218905 0.018605 0.029851
1 0.423721 0.185738 0.015814 0.036484
1 0.427907 0.168325 0.014884 0.024876
1 0.450698 0.149254 0.015814 0.029851
1 0.453488 0.169154 0.013953 0.036484
1 0.455349 0.219735 0.015814 0.038143
1 0.440000 0.194030 0.018605 0.029851
1 0.472093 0.149254 0.012093 0.023217
1 0.476744 0.165008 0.017674 0.028192
1 0.477674 0.194030 0.015814 0.029851
1 0.493953 0.202322 0.020465 0.036484
1 0.482326 0.227197 0.017674 0.039801
1 0.481860 0.298507 0.026047 0.043118
1 0.485116 0.132670 0.012093 0.026534
1 0.516279 0.156716 0.016744 0.024876
1 0.506512 0.176617 0.021395 0.038143
1 0.521395 0.138474 0.017674 0.031509
1 0.536279 0.162521 0.015814 0.036484
1 0.543256 0.195688 0.014884 0.039801
1 0.547442 0.140133 0.012093 0.028192
1 0.555349 0.146766 0.011163 0.028192
1 0.564186 0.169983 0.015814 0.038143
1 0.572093 0.157546 0.014884 0.029851
1 0.560930 0.113599 0.014884 0.024876
1 0.580465 0.131012 0.014884 0.026534
1 0.602326 0.100332 0.015814 0.028192
1 0.606512 0.113599 0.014884 0.024876
1 0.619070 0.100332 0.010233 0.021559
1 0.635349 0.105307 0.013023 0.028192
1 0.643721 0.116086 0.011163 0.026534
1 0.668372 0.122720 0.015814 0.026534
1 0.698140 0.098673 0.012093 0.031509
1 0.620465 0.142620 0.016744 0.029851
1 0.648372 0.179104 0.018605 0.036484
1 0.657674 0.206468 0.018605 0.038143
1 0.602791 0.208126 0.020465 0.038143
1 0.601860 0.255390 0.024186 0.043118
1 0.572558 0.245439 0.025116 0.039801
1 0.558605 0.294362 0.025116 0.051410
1 0.576279 0.368159 0.028837 0.053068
1 0.673488 0.329187 0.031628 0.058043
1 0.654419 0.255390 0.025116 0.049751
1 0.701860 0.285240 0.028837 0.056385
1 0.696744 0.213930 0.022326 0.049751
1 0.676744 0.153400 0.019535 0.038143
1 0.700465 0.145108 0.016744 0.028192
1 0.701860 0.179104 0.019535 0.039801
1 0.724186 0.166667 0.015814 0.034826
1 0.730698 0.123549 0.013953 0.031509
1 0.742326 0.120232 0.014884 0.024876
1 0.741860 0.141791 0.015814 0.031509
1 0.745116 0.185738 0.016744 0.036484
1 0.754419 0.251244 0.020465 0.048093
1 0.771628 0.294362 0.025116 0.058043
1 0.761395 0.127695 0.013953 0.026534
1 0.763721 0.158375 0.016744 0.028192
1 0.778140 0.121061 0.012093 0.029851
1 0.792093 0.135987 0.015814 0.033167
1 0.815814 0.126036 0.013023 0.033167
1 0.827442 0.139303 0.013953 0.036484
1 0.813488 0.163350 0.012093 0.034826
1 0.791628 0.186567 0.016744 0.034826
1 0.840465 0.186567 0.019535 0.034826
1 0.846047 0.155887 0.013953 0.033167
1 0.865581 0.128524 0.015814 0.031509
1 0.862791 0.163350 0.015814 0.034826
1 0.865116 0.213930 0.020465 0.039801
1 0.876744 0.197347 0.015814 0.036484
1 0.884651 0.175788 0.014884 0.033167
1 0.893953 0.136816 0.013023 0.031509
1 0.923256 0.157546 0.012093 0.023217
1 0.931163 0.164179 0.014884 0.036484
1 0.913953 0.192371 0.017674 0.039801
1 0.914419 0.288557 0.024186 0.053068