1 0.069811 0.438655 0.045283 0.107563
1 0.257547 0.281513 0.018868 0.035294
1 0.284906 0.266387 0.018868 0.035294
1 0.302830 0.257143 0.018868 0.040336
1 0.325472 0.266387 0.018868 0.045378
1 0.344811 0.277311 0.017925 0.043697
1 0.397170 0.307563 0.024528 0.050420
1 0.322642 0.222689 0.016981 0.035294
1 0.348113 0.215126 0.016981 0.036975
1 0.353774 0.240336 0.018868 0.033613
1 0.375000 0.227731 0.021698 0.031933
1 0.420755 0.221008 0.016981 0.038655
1 0.497170 0.287395 0.026415 0.060504
1 0.387736 0.210924 0.018868 0.031933
1 0.409434 0.175630 0.015094 0.031933
1 0.427830 0.182353 0.014151 0.035294
1 0.459434 0.168067 0.016981 0.036975
1 0.454245 0.142017 0.014151 0.028571
1 0.449057 0.221008 0.018868 0.042017
1 0.480189 0.163025 0.013208 0.030252
1 0.474057 0.147899 0.012264 0.026891
1 0.487264 0.136975 0.010377 0.021849
1 0.497642 0.230252 0.019811 0.040336
1 0.464151 0.200000 0.015094 0.033613
1 0.445283 0.196639 0.015094 0.033613
1 0.479717 0.199160 0.016038 0.038655
1 0.504717 0.204202 0.016981 0.038655
1 0.507547 0.166387 0.015094 0.033613
1 0.501415 0.152101 0.012264 0.031933
1 0.529245 0.134454 0.015094 0.030252
1 0.535377 0.172269 0.019811 0.042017
1 0.550943 0.154622 0.013208 0.030252
1 0.540094 0.129412 0.012264 0.026891
1 0.562264 0.133613 0.015094 0.028571
1 0.571698 0.113445 0.013208 0.025210
1 0.585849 0.137815 0.011321 0.030252
1 0.573585 0.163025 0.016981 0.033613
1 0.588679 0.126891 0.011321 0.025210
1 0.599057 0.100840 0.013208 0.026891
1 0.619340 0.101681 0.012264 0.028571
1 0.622642 0.142017 0.015094 0.038655
1 0.635849 0.121008 0.013208 0.026891
1 0.640566 0.105042 0.011321 0.028571
1 0.673113 0.122689 0.014151 0.026891
1 0.690566 0.105882 0.013208 0.033613
1 0.568396 0.240336 0.019811 0.036975
1 0.563208 0.294958 0.024528 0.058824
1 0.604245 0.332773 0.027358 0.063866
1 0.609906 0.255462 0.027358 0.057143
1 0.626415 0.189916 0.018868 0.043697
1 0.650943 0.176471 0.018868 0.047059
1 0.664623 0.205882 0.019811 0.052101
1 0.681604 0.243697 0.019811 0.050420
1 0.698113 0.215966 0.020755 0.048739
1 0.688679 0.141176 0.013208 0.030252
1 0.716038 0.137815 0.013208 0.043697
1 0.742453 0.117647 0.013208 0.033613
1 0.751887 0.110924 0.013208 0.033613
1 0.734434 0.153782 0.016038 0.042017
1 0.678302 0.336134 0.028302 0.067227
1 0.713208 0.287395 0.028302 0.057143
1 0.743868 0.204202 0.016038 0.042017
1 0.763679 0.230252 0.019811 0.053782
1 0.774057 0.278992 0.025472 0.057143
1 0.759434 0.156303 0.013208 0.033613
1 0.749057 0.147059 0.013208 0.031933
1 0.769811 0.136975 0.015094 0.035294
1 0.790094 0.120168 0.012264 0.031933
1 0.796226 0.131933 0.009434 0.031933
1 0.810377 0.120168 0.011321 0.031933
1 0.799057 0.184874 0.015094 0.040336
1 0.824528 0.157143 0.015094 0.038655
1 0.833491 0.134454 0.014151 0.036975
1 0.856604 0.150420 0.011321 0.028571
1 0.854245 0.181513 0.014151 0.033613
1 0.870283 0.150420 0.012264 0.031933
1 0.873113 0.125210 0.012264 0.028571
1 0.878302 0.218487 0.015094 0.040336
1 0.900472 0.126891 0.010377 0.028571
1 0.936792 0.165546 0.013208 0.035294
1 0.886792 0.193277 0.013208 0.040336
1 0.933491 0.274790 0.023585 0.048739
1 0.892925 0.178151 0.014151 0.036975
1 0.897170 0.163025 0.015094 0.036975