1 0.069262 0.572935 0.053279 0.133568
1 0.178689 0.254833 0.021311 0.045694
1 0.209836 0.279438 0.026230 0.052724
1 0.252869 0.230228 0.018852 0.045694
1 0.292213 0.231107 0.018852 0.047452
1 0.310656 0.223199 0.021311 0.049209
1 0.294672 0.202988 0.022131 0.050967
1 0.333197 0.205624 0.018852 0.045694
1 0.348770 0.188928 0.017213 0.043937
1 0.353689 0.260984 0.023770 0.061511
1 0.375820 0.177504 0.020492 0.038664
1 0.383607 0.219684 0.018033 0.038664
1 0.415984 0.180141 0.017213 0.043937
1 0.438525 0.152021 0.016393 0.043937
1 0.456557 0.239016 0.019672 0.052724
1 0.420492 0.304921 0.027869 0.061511
1 0.475410 0.152021 0.019672 0.047452
1 0.481557 0.136204 0.017213 0.036907
1 0.508197 0.159930 0.018033 0.049209
1 0.517623 0.143234 0.018852 0.043937
1 0.486475 0.191564 0.020492 0.049209
1 0.543852 0.206503 0.018852 0.047452
1 0.543443 0.122144 0.014754 0.043937
1 0.548770 0.147627 0.017213 0.042179
1 0.570492 0.124780 0.016393 0.038664
1 0.571721 0.159051 0.018852 0.047452
1 0.562295 0.188049 0.016393 0.042179
1 0.584016 0.102812 0.015574 0.040422
1 0.598361 0.144991 0.016393 0.040422
1 0.601639 0.165202 0.014754 0.045694
1 0.613934 0.183656 0.018033 0.043937
1 0.622951 0.113357 0.018033 0.040422
1 0.645492 0.135325 0.015574 0.045694
1 0.660656 0.125659 0.014754 0.047452
1 0.685656 0.122144 0.015574 0.040422
1 0.704098 0.144991 0.013115 0.040422
1 0.679508 0.152900 0.018033 0.045694
1 0.690984 0.193322 0.019672 0.049209
1 0.650000 0.173989 0.016393 0.045694
1 0.661475 0.217926 0.018033 0.059754
1 0.607377 0.274165 0.029508 0.059754
1 0.565164 0.322496 0.025410 0.061511
1 0.604918 0.364675 0.026230 0.061511
1 0.660656 0.393673 0.031148 0.066784
1 0.720492 0.387522 0.026230 0.068541
1 0.711475 0.268014 0.026230 0.061511
1 0.734016 0.214411 0.018852 0.045694
1 0.724590 0.206503 0.018033 0.043937
1 0.747131 0.182777 0.017213 0.042179
1 0.773361 0.198594 0.017213 0.042179
1 0.805738 0.179262 0.018033 0.042179
1 0.811066 0.210896 0.017213 0.045694
1 0.823361 0.204745 0.015574 0.050967
1 0.863934 0.217926 0.016393 0.045694
1 0.899180 0.219684 0.016393 0.049209
1 0.896721 0.250439 0.016393 0.043937
1 0.924590 0.257469 0.016393 0.043937
1 0.948361 0.231986 0.014754 0.042179
1 0.981557 0.249561 0.013934 0.042179
1 0.974590 0.326889 0.018033 0.042179
1 0.974180 0.292619 0.012295 0.040422
1 0.972951 0.367311 0.018033 0.059754
1 0.945492 0.376977 0.018852 0.061511
1 0.926230 0.325132 0.018033 0.052724
1 0.869672 0.303163 0.021311 0.050967
1 0.784836 0.248682 0.023770 0.054482
1 0.809016 0.291740 0.022951 0.059754
1 0.861885 0.371705 0.022131 0.065026
1 0.878279 0.399824 0.023770 0.075571
1 0.954918 0.475395 0.021311 0.072056
1 0.866393 0.490334 0.031148 0.091388
1 0.775820 0.458699 0.031967 0.094903
1 0.747541 0.285589 0.024590 0.050967