1 0.386812 0.412200 0.044652 0.092421
1 0.271028 0.221811 0.016615 0.033272
1 0.294393 0.216266 0.017653 0.033272
1 0.326584 0.209797 0.015576 0.031423
1 0.344237 0.167283 0.011423 0.027726
1 0.348910 0.208872 0.016615 0.029575
1 0.367082 0.202403 0.013499 0.027726
1 0.371755 0.221811 0.018692 0.036969
1 0.385774 0.243068 0.019730 0.042514
1 0.388889 0.203327 0.017653 0.029575
1 0.379024 0.163586 0.012461 0.024030
1 0.409657 0.158965 0.013499 0.025878
1 0.415888 0.179298 0.013499 0.029575
1 0.418484 0.151571 0.010384 0.018484
1 0.441848 0.142329 0.013499 0.025878
1 0.437175 0.194085 0.016615 0.033272
1 0.464174 0.195009 0.018692 0.038817
1 0.441329 0.177449 0.012461 0.025878
1 0.440810 0.236599 0.017653 0.036969
1 0.481308 0.128466 0.011423 0.024030
1 0.484943 0.140481 0.014538 0.025878
1 0.490135 0.171904 0.014538 0.029575
1 0.496366 0.120148 0.010384 0.022181
1 0.510903 0.144177 0.012461 0.025878
1 0.521807 0.171904 0.013499 0.029575
1 0.539979 0.157116 0.014538 0.029575
1 0.548287 0.126617 0.012461 0.031423
1 0.570613 0.128466 0.013499 0.024030
1 0.552960 0.178373 0.017653 0.031423
1 0.518172 0.128466 0.010384 0.016636
1 0.585670 0.158965 0.016615 0.033272
1 0.598131 0.148799 0.012461 0.027726
1 0.618380 0.133087 0.015576 0.025878
1 0.598650 0.131238 0.011423 0.022181
1 0.593977 0.114603 0.010384 0.014787
1 0.629283 0.109057 0.010384 0.018484
1 0.637072 0.109057 0.011423 0.025878
1 0.646417 0.106285 0.011423 0.027726
1 0.652648 0.138632 0.013499 0.029575
1 0.641225 0.150647 0.011423 0.027726
1 0.592420 0.220887 0.017653 0.035120
1 0.595535 0.210721 0.019730 0.025878
1 0.636552 0.244917 0.018692 0.035120
1 0.652129 0.238447 0.018692 0.029575
1 0.661994 0.172828 0.015576 0.031423
1 0.685358 0.102588 0.010384 0.020333
1 0.690031 0.119224 0.015576 0.027726
1 0.709761 0.107209 0.013499 0.029575
1 0.700415 0.175601 0.015576 0.033272
1 0.717030 0.177449 0.015576 0.029575
1 0.734164 0.141405 0.012461 0.027726
1 0.744029 0.157116 0.013499 0.033272
1 0.753894 0.192237 0.014538 0.033272
1 0.735202 0.231054 0.018692 0.040665
1 0.692108 0.250462 0.019730 0.042514
1 0.696262 0.305915 0.028037 0.057301
1 0.764798 0.341959 0.028037 0.059150
1 0.799065 0.283734 0.023884 0.046211
1 0.830737 0.243993 0.018692 0.044362
1 0.773624 0.243068 0.022845 0.038817
1 0.802181 0.199630 0.015576 0.036969
1 0.793354 0.161738 0.010384 0.024030
1 0.781931 0.121072 0.010384 0.027726
1 0.808930 0.132163 0.010384 0.024030
1 0.822949 0.132163 0.009346 0.024030
1 0.840083 0.149723 0.012461 0.025878
1 0.833333 0.166359 0.011423 0.029575
1 0.820353 0.198706 0.014538 0.027726
1 0.842160 0.215342 0.016615 0.042514
1 0.856179 0.211645 0.015576 0.035120
1 0.872793 0.178373 0.013499 0.031423
1 0.877985 0.159889 0.011423 0.031423
1 0.856698 0.146950 0.010384 0.027726
1 0.910696 0.144177 0.012461 0.025878
1 0.910177 0.164510 0.011423 0.025878
1 0.902388 0.180222 0.012461 0.031423
1 0.904465 0.212569 0.014538 0.029575
1 0.897715 0.227357 0.017653 0.044362
1 0.946002 0.174677 0.010384 0.020333
1 0.957944 0.177449 0.011423 0.018484
1 0.933541 0.200555 0.012461 0.027726
1 0.929387 0.240296 0.016615 0.033272
1 0.913292 0.351201 0.023884 0.059150