1 0.171180 0.489779 0.040619 0.076661
1 0.275629 0.264906 0.019342 0.032368
1 0.358801 0.196763 0.017408 0.032368
1 0.366054 0.275128 0.018375 0.035775
1 0.409091 0.227428 0.017408 0.035775
1 0.452611 0.222317 0.019342 0.039182
1 0.414894 0.166099 0.017408 0.035775
1 0.465667 0.139693 0.018375 0.030664
1 0.521277 0.132879 0.013540 0.027257
1 0.533849 0.128620 0.013540 0.028961
1 0.559478 0.110733 0.012573 0.020443
1 0.558994 0.133731 0.013540 0.028961
1 0.579304 0.123509 0.011605 0.025554
1 0.604932 0.128620 0.012573 0.025554
1 0.614120 0.154174 0.015474 0.028961
1 0.647969 0.135434 0.015474 0.022147
1 0.557544 0.184838 0.018375 0.032368
1 0.497099 0.304089 0.019342 0.035775
1 0.537718 0.331346 0.025145 0.045997
1 0.552224 0.255537 0.019342 0.044293
1 0.606867 0.264055 0.024178 0.044293
1 0.652321 0.222317 0.020309 0.039182
1 0.652805 0.175468 0.017408 0.040886
1 0.688104 0.159284 0.022244 0.049404
1 0.711799 0.180579 0.019342 0.040886
1 0.666344 0.324532 0.029014 0.069847
1 0.723888 0.259796 0.026112 0.059625
1 0.747582 0.310051 0.023211 0.054514
1 0.753385 0.224020 0.021277 0.045997
1 0.778046 0.200170 0.018375 0.045997
1 0.771277 0.281942 0.026112 0.059625
1 0.807060 0.239353 0.020309 0.049404
1 0.787718 0.390119 0.031915 0.061329
1 0.838008 0.301533 0.028046 0.061329
1 0.891199 0.355196 0.035783 0.076661
1 0.910542 0.329642 0.026112 0.049404
1 0.835590 0.132027 0.011605 0.028961
1 0.827853 0.142249 0.011605 0.025554
1 0.855416 0.151618 0.016441 0.027257
1 0.864603 0.126065 0.011605 0.027257
1 0.898453 0.143101 0.009671 0.020443
1 0.923114 0.154174 0.010638 0.018739
1 0.772244 0.153322 0.018375 0.023850