1 0.691872 0.304267 0.038066 0.089054
1 0.388374 0.182746 0.017490 0.031540
1 0.423354 0.173469 0.017490 0.035250
1 0.440329 0.169759 0.014403 0.031540
1 0.433128 0.152134 0.014403 0.025974
1 0.452160 0.146568 0.013374 0.025974
1 0.465535 0.140074 0.011317 0.031540
1 0.481481 0.149351 0.014403 0.031540
1 0.456276 0.173469 0.017490 0.031540
1 0.483539 0.182746 0.018519 0.038961
1 0.509774 0.182746 0.019547 0.038961
1 0.502058 0.129870 0.016461 0.029685
1 0.488683 0.144712 0.012346 0.025974
1 0.525720 0.129870 0.012346 0.033395
1 0.547325 0.141002 0.010288 0.025974
1 0.560700 0.114100 0.010288 0.027829
1 0.577675 0.140074 0.013374 0.031540
1 0.602366 0.118738 0.013374 0.033395
1 0.601852 0.155844 0.014403 0.029685
1 0.628086 0.134508 0.013374 0.031540
1 0.637860 0.121521 0.014403 0.031540
1 0.671296 0.119666 0.013374 0.027829
1 0.707305 0.117811 0.011317 0.024119
1 0.701132 0.170686 0.013374 0.037106
1 0.658951 0.195733 0.019547 0.038961
1 0.627058 0.219852 0.021605 0.042672
1 0.677984 0.214286 0.022634 0.042672
1 0.711934 0.195733 0.022634 0.038961
1 0.712963 0.246753 0.020576 0.048237
1 0.736111 0.148423 0.013374 0.033395
1 0.738683 0.176252 0.014403 0.037106
1 0.750514 0.128942 0.013374 0.035250
1 0.774691 0.127087 0.012346 0.031540
1 0.777778 0.153061 0.014403 0.031540
1 0.775206 0.186456 0.015432 0.038961
1 0.792695 0.217069 0.017490 0.040816
1 0.798354 0.164193 0.012346 0.031540
1 0.813272 0.154917 0.015432 0.035250
1 0.827675 0.129870 0.013374 0.029685
1 0.833333 0.170686 0.012346 0.033395
1 0.912037 0.167904 0.013374 0.031540
1 0.927469 0.208720 0.013374 0.042672
1 0.906379 0.208720 0.014403 0.035250
1 0.934156 0.235622 0.014403 0.037106
1 0.936214 0.181818 0.014403 0.037106
1 0.876029 0.269944 0.019547 0.050093