1 0.212166 0.366957 0.046489 0.080000
1 0.317013 0.233043 0.014837 0.031304
1 0.332344 0.188696 0.015826 0.029565
1 0.360534 0.194783 0.014837 0.031304
1 0.420376 0.200870 0.015826 0.033043
1 0.420870 0.173913 0.016815 0.024348
1 0.427794 0.152174 0.012859 0.022609
1 0.454006 0.208696 0.017804 0.031304
1 0.489120 0.217391 0.020772 0.031304
1 0.481207 0.188696 0.016815 0.029565
1 0.468348 0.176522 0.014837 0.026087
1 0.458457 0.173913 0.012859 0.027826
1 0.452522 0.158261 0.012859 0.020870
1 0.463897 0.143478 0.011869 0.019130
1 0.498516 0.140870 0.011869 0.017391
1 0.503462 0.124348 0.009891 0.019130
1 0.517804 0.147826 0.010880 0.024348
1 0.507913 0.160870 0.012859 0.026087
1 0.528684 0.133913 0.010880 0.024348
1 0.534619 0.149565 0.012859 0.027826
1 0.551434 0.165217 0.014837 0.027826
1 0.541543 0.183478 0.016815 0.029565
1 0.550445 0.125217 0.010880 0.020870
1 0.571217 0.153043 0.012859 0.024348
1 0.563304 0.160870 0.010880 0.026087
1 0.589021 0.120000 0.012859 0.027826
1 0.612760 0.104348 0.012859 0.020870
1 0.609792 0.136522 0.012859 0.029565
1 0.597428 0.156522 0.015826 0.027826
1 0.587043 0.176522 0.016815 0.029565
1 0.575173 0.247826 0.018793 0.036522
1 0.512859 0.299130 0.020772 0.038261
1 0.599901 0.306957 0.028684 0.057391
1 0.628091 0.158261 0.013848 0.031304
1 0.643917 0.117391 0.009891 0.022609
1 0.650346 0.107826 0.010880 0.020870
1 0.670129 0.114783 0.010880 0.027826
1 0.673591 0.112174 0.009891 0.019130
1 0.702275 0.117391 0.011869 0.022609
1 0.656281 0.143478 0.012859 0.026087
1 0.673591 0.180000 0.015826 0.036522
1 0.678536 0.210435 0.017804 0.034783
1 0.633531 0.216522 0.018793 0.040000
1 0.629575 0.265217 0.018793 0.036522
1 0.679031 0.273913 0.020772 0.036522
1 0.677052 0.319130 0.028684 0.060870
1 0.718595 0.382609 0.030663 0.062609
1 0.834322 0.409565 0.034619 0.064348
1 0.794263 0.293913 0.023739 0.055652
1 0.733432 0.217391 0.018793 0.045217
1 0.709199 0.200000 0.015826 0.034783
1 0.711672 0.163478 0.014837 0.034783
1 0.747774 0.172174 0.015826 0.038261
1 0.770030 0.143478 0.012859 0.029565
1 0.766073 0.127826 0.014837 0.029565
1 0.790307 0.138261 0.013848 0.029565
1 0.783877 0.181739 0.012859 0.033043
1 0.800692 0.174783 0.012859 0.033043
1 0.794758 0.213043 0.012859 0.033043
1 0.817013 0.202609 0.013848 0.033043
1 0.837290 0.180870 0.012859 0.034783
1 0.852127 0.155652 0.012859 0.029565
1 0.814045 0.273043 0.019782 0.038261
1 0.855094 0.299130 0.018793 0.048696
1 0.875371 0.276522 0.021761 0.045217
1 0.932245 0.282609 0.018793 0.033043
1 0.907023 0.388696 0.027695 0.050435
1 0.901583 0.430435 0.030663 0.074783
1 0.890702 0.230435 0.018793 0.040000
1 0.849159 0.218261 0.016815 0.040000
1 0.861523 0.199130 0.015826 0.036522
1 0.875865 0.186087 0.012859 0.027826
1 0.890702 0.160870 0.012859 0.026087
1 0.907517 0.193913 0.012859 0.040000
1 0.915925 0.180870 0.013848 0.024348
1 0.926805 0.176522 0.013848 0.026087
1 0.942631 0.232174 0.015826 0.036522
1 0.947082 0.213043 0.014837 0.026087
1 0.949555 0.196522 0.013848 0.031304