0 0.893029 0.437500 0.050481 0.048077
0 0.841346 0.448317 0.033654 0.040865
0 0.733173 0.445913 0.033654 0.040865
0 0.700721 0.445913 0.031250 0.040865
0 0.638221 0.426683 0.045673 0.055288
0 0.525240 0.442308 0.031250 0.048077
0 0.550481 0.445913 0.038462 0.045673
0 0.480769 0.454327 0.024038 0.038462
0 0.438702 0.453125 0.040865 0.055288
0 0.332933 0.454327 0.050481 0.062500
0 0.300481 0.457933 0.028846 0.045673
0 0.203125 0.438702 0.055288 0.064904
0 0.135817 0.445913 0.040865 0.055288
0 0.024038 0.459135 0.043269 0.062500