1 0.087907 0.461538 0.047442 0.096990
1 0.251163 0.285117 0.018605 0.031773
1 0.291628 0.260033 0.015814 0.035117
1 0.302326 0.263378 0.016744 0.045151
1 0.311628 0.299331 0.020465 0.040134
1 0.328837 0.216555 0.013953 0.031773
1 0.352093 0.219900 0.013953 0.038462
1 0.376744 0.263378 0.020465 0.041806
1 0.367907 0.229933 0.015814 0.035117
1 0.367907 0.214047 0.013953 0.026756
1 0.387442 0.198997 0.017674 0.030100
1 0.412558 0.175585 0.015814 0.030100
1 0.415349 0.225753 0.017674 0.043478
1 0.440465 0.163043 0.012093 0.031773
1 0.450698 0.144649 0.010233 0.025084
1 0.454884 0.168896 0.013023 0.036789
1 0.437674 0.198997 0.013953 0.033445
1 0.443721 0.219900 0.014884 0.035117
1 0.435814 0.260870 0.019535 0.046823
1 0.468372 0.195652 0.015814 0.036789
1 0.471628 0.172241 0.014884 0.033445
1 0.473023 0.150502 0.012093 0.026756
1 0.486047 0.137124 0.010233 0.023411
1 0.505116 0.169732 0.016744 0.028428
1 0.499070 0.191472 0.015814 0.035117
1 0.515814 0.137124 0.013953 0.026756
1 0.532558 0.140468 0.013953 0.030100
1 0.559535 0.117893 0.013953 0.028428
1 0.595349 0.102843 0.013023 0.028428
1 0.614419 0.108696 0.008372 0.026756
1 0.621860 0.112040 0.012093 0.036789
1 0.638140 0.103679 0.013023 0.026756
1 0.622326 0.140468 0.014884 0.033445
1 0.569767 0.164716 0.015814 0.038462
1 0.584651 0.133779 0.012093 0.030100
1 0.588837 0.121237 0.011163 0.025084
1 0.553488 0.163043 0.014884 0.031773
1 0.580930 0.156355 0.013953 0.031773
1 0.524186 0.213211 0.019535 0.038462
1 0.504186 0.226589 0.020465 0.048495
1 0.493488 0.282609 0.026977 0.053512
1 0.538140 0.312709 0.026977 0.063545
1 0.565581 0.243311 0.018605 0.048495
1 0.607442 0.252508 0.022326 0.050167
1 0.629767 0.190635 0.020465 0.050167
1 0.608837 0.326087 0.026977 0.056856
1 0.659070 0.252508 0.023256 0.050167
1 0.651628 0.228261 0.017674 0.031773
1 0.675349 0.116221 0.013023 0.031773
1 0.697209 0.102843 0.012093 0.031773
1 0.662326 0.169732 0.016744 0.038462
1 0.690698 0.178094 0.015814 0.035117
1 0.692558 0.143813 0.015814 0.033445
1 0.703256 0.144649 0.011163 0.031773
1 0.732558 0.130435 0.013953 0.026756
1 0.727907 0.158863 0.013953 0.036789
1 0.742326 0.185619 0.016744 0.036789
1 0.694419 0.223244 0.023256 0.048495
1 0.751163 0.230769 0.019535 0.050167
1 0.680000 0.331104 0.027907 0.063545
1 0.722791 0.315217 0.024186 0.051839
1 0.783721 0.295987 0.023256 0.063545
1 0.804186 0.235786 0.019535 0.050167
1 0.752558 0.177258 0.016744 0.036789
1 0.744186 0.145485 0.013023 0.026756
1 0.748372 0.112876 0.013953 0.025084
1 0.765581 0.134615 0.013023 0.031773
1 0.780000 0.123746 0.012093 0.033445
1 0.795814 0.132943 0.012093 0.031773
1 0.814884 0.127926 0.013023 0.025084
1 0.796279 0.175585 0.016744 0.040134
1 0.812093 0.167224 0.014884 0.036789
1 0.830233 0.141304 0.013953 0.031773
1 0.842791 0.188963 0.016744 0.043478
1 0.849302 0.163043 0.014884 0.035117
1 0.861395 0.150502 0.014884 0.030100
1 0.862326 0.126254 0.013023 0.031773
1 0.893488 0.129599 0.010233 0.031773
1 0.893488 0.161371 0.012093 0.028428
1 0.886512 0.175585 0.013023 0.036789
1 0.878605 0.200669 0.015814 0.033445
1 0.872558 0.228261 0.016744 0.038462
1 0.921395 0.283445 0.019535 0.051839
1 0.930233 0.203177 0.014884 0.038462
1 0.915349 0.183946 0.014884 0.036789
1 0.923721 0.158027 0.011163 0.031773