1 0.368104 0.136833 0.020060 0.029260
1 0.428285 0.154905 0.014042 0.024096
1 0.401204 0.261618 0.018054 0.041308
1 0.362588 0.220310 0.015045 0.030981
1 0.474423 0.216007 0.020060 0.043029
1 0.580742 0.122203 0.014042 0.027539
1 0.602307 0.115318 0.015045 0.024096
1 0.628887 0.255594 0.020060 0.049914
1 0.499498 0.308090 0.026078 0.044750
1 0.549649 0.320138 0.028084 0.048193
1 0.700602 0.317556 0.035105 0.060241
1 0.695085 0.181583 0.028084 0.053356
1 0.703109 0.061962 0.016048 0.030981
1 0.756770 0.111876 0.029087 0.044750
1 0.792377 0.263339 0.028084 0.058520
1 0.855065 0.292599 0.031093 0.061962
1 0.927282 0.300344 0.027081 0.060241
1 0.928786 0.141997 0.016048 0.025818
1 0.955868 0.150602 0.012036 0.032702