0 0.650240 0.316106 0.141827 0.185096
0 0.400240 0.322115 0.060096 0.081731
0 0.340144 0.325721 0.050481 0.060096
0 0.234375 0.343750 0.031250 0.033654
0 0.194712 0.324519 0.033654 0.033654
0 0.313702 0.320913 0.026442 0.040865
0 0.181490 0.346154 0.021635 0.028846
0 0.144231 0.338942 0.019231 0.024038
0 0.126202 0.348558 0.016827 0.024038
0 0.100962 0.342548 0.014423 0.021635
0 0.086538 0.358173 0.019231 0.024038
0 0.057692 0.361779 0.019231 0.021635
0 0.194712 0.021635 0.033654 0.033654
0 0.342548 0.030048 0.055288 0.055288
0 0.402644 0.036058 0.069712 0.067308
0 0.312500 0.025240 0.028846 0.040865
0 0.933894 0.033654 0.016827 0.024038
0 0.974760 0.046875 0.021635 0.026442
0 0.933894 0.314904 0.016827 0.024038
0 0.974760 0.302885 0.016827 0.024038