1 0.106045 0.282609 0.023566 0.057971
1 0.301742 0.218297 0.015369 0.034420
1 0.360656 0.230072 0.016393 0.032609
1 0.372439 0.199275 0.013320 0.032609
1 0.383709 0.175725 0.013320 0.028986
1 0.391906 0.192935 0.013320 0.030797
1 0.393443 0.216486 0.014344 0.034420
1 0.403176 0.178442 0.015369 0.030797
1 0.417520 0.213768 0.015369 0.036232
1 0.409324 0.277174 0.021516 0.043478
1 0.450820 0.217391 0.018443 0.039855
1 0.444672 0.174819 0.016393 0.034420
1 0.438525 0.147645 0.012295 0.027174
1 0.481045 0.136775 0.011270 0.027174
1 0.477971 0.158514 0.015369 0.030797
1 0.485143 0.225543 0.019467 0.045290
1 0.504611 0.191123 0.017418 0.034420
1 0.519467 0.174819 0.014344 0.038043
1 0.500000 0.144928 0.016393 0.028986
1 0.519980 0.138587 0.013320 0.023551
1 0.539447 0.143116 0.013320 0.028986
1 0.554303 0.126812 0.012295 0.025362
1 0.583504 0.132246 0.015369 0.025362
1 0.602971 0.124094 0.011270 0.019928
1 0.606557 0.106884 0.010246 0.021739
1 0.585041 0.171196 0.016393 0.030797
1 0.560963 0.193841 0.017418 0.032609
1 0.629611 0.121377 0.011270 0.025362
1 0.632172 0.135870 0.014344 0.025362
1 0.644467 0.109601 0.010246 0.019928
1 0.651639 0.125906 0.014344 0.030797
1 0.682377 0.115036 0.014344 0.027174
1 0.692623 0.122283 0.014344 0.030797
1 0.618340 0.167572 0.015369 0.027174
1 0.712602 0.119565 0.015369 0.025362
1 0.574283 0.274457 0.023566 0.052536
1 0.574283 0.247283 0.017418 0.030797
1 0.628586 0.210145 0.017418 0.032609
1 0.628586 0.250000 0.023566 0.043478
1 0.663422 0.193841 0.017418 0.036232
1 0.677766 0.225543 0.017418 0.038043
1 0.689549 0.260870 0.018443 0.039855
1 0.702357 0.169384 0.015369 0.030797
1 0.732582 0.157609 0.014344 0.028986
1 0.725410 0.192029 0.014344 0.032609
1 0.749488 0.208333 0.015369 0.036232
1 0.742828 0.256341 0.022541 0.048913
1 0.719775 0.250906 0.019467 0.038043
1 0.767418 0.269022 0.020492 0.041667
1 0.748463 0.162138 0.013320 0.023551
1 0.756660 0.144928 0.011270 0.018116
1 0.790471 0.146739 0.011270 0.025362
1 0.794570 0.134964 0.011270 0.023551
1 0.767930 0.174819 0.013320 0.034420
1 0.795594 0.226449 0.017418 0.036232
1 0.805840 0.166667 0.013320 0.028986
1 0.811988 0.161232 0.011270 0.021739
1 0.828381 0.145833 0.011270 0.027174
1 0.843750 0.163043 0.011270 0.028986
1 0.855533 0.154891 0.008197 0.016304
1 0.802254 0.282609 0.022541 0.054348
1 0.841189 0.240942 0.016393 0.039855
1 0.859631 0.305254 0.022541 0.048913
1 0.875000 0.265399 0.020492 0.048913
1 0.921107 0.341486 0.020492 0.059783
1 0.929816 0.288043 0.019467 0.043478
1 0.928279 0.252717 0.016393 0.030797
1 0.931865 0.220109 0.013320 0.030797
1 0.948770 0.213768 0.012295 0.025362
1 0.948770 0.176630 0.012295 0.019928
1 0.913934 0.165761 0.010246 0.023551
1 0.894467 0.156703 0.010246 0.023551
1 0.860143 0.187500 0.019467 0.045290
1 0.892930 0.239130 0.015369 0.028986
1 0.910348 0.230072 0.015369 0.025362