1 0.169981 0.505853 0.038826 0.071906
1 0.252841 0.272575 0.013258 0.026756
1 0.273674 0.278428 0.017045 0.031773
1 0.298295 0.275084 0.017045 0.038462
1 0.311553 0.242475 0.013258 0.026756
1 0.356534 0.224916 0.016098 0.035117
1 0.374527 0.200669 0.014205 0.036789
1 0.391572 0.197324 0.016098 0.030100
1 0.392045 0.228261 0.013258 0.028428
1 0.418561 0.202341 0.013258 0.033445
1 0.448864 0.176421 0.013258 0.025084
1 0.467803 0.152174 0.011364 0.026756
1 0.436553 0.241639 0.020833 0.035117
1 0.392992 0.289298 0.022727 0.043478
1 0.376894 0.285117 0.017045 0.038462
1 0.352273 0.306020 0.024621 0.043478
1 0.303030 0.313545 0.020833 0.031773
1 0.459280 0.201505 0.017045 0.038462
1 0.479167 0.239967 0.018939 0.038462
1 0.483902 0.169732 0.013258 0.035117
1 0.489110 0.146321 0.012311 0.021739
1 0.635890 0.308528 0.025568 0.051839
1 0.686080 0.121237 0.012311 0.028428
1 0.624527 0.127090 0.014205 0.026756
1 0.603693 0.129599 0.014205 0.028428
1 0.573390 0.126254 0.014205 0.025084
1 0.569602 0.153010 0.014205 0.028428
1 0.606061 0.155518 0.013258 0.026756
1 0.627367 0.150502 0.014205 0.026756
1 0.644413 0.145485 0.017992 0.036789
1 0.579545 0.182274 0.017045 0.033445
1 0.535511 0.172241 0.021780 0.023411
1 0.513731 0.205686 0.017992 0.030100
1 0.747633 0.125418 0.012311 0.030100
1 0.721591 0.157191 0.015152 0.030100
1 0.699337 0.159699 0.016098 0.038462
1 0.651989 0.209866 0.016098 0.038462
1 0.680871 0.213211 0.017045 0.041806
1 0.614583 0.242475 0.024621 0.050167
1 0.569602 0.250836 0.021780 0.043478
1 0.584754 0.290970 0.025568 0.056856
1 0.520833 0.312709 0.026515 0.046823
1 0.687973 0.270067 0.025568 0.055184
1 0.713542 0.225753 0.019886 0.053512
1 0.744318 0.202341 0.020833 0.043478
1 0.765625 0.145485 0.014205 0.030100
1 0.779356 0.138796 0.015152 0.033445
1 0.782670 0.165552 0.014205 0.033445
1 0.799242 0.163880 0.015152 0.030100
1 0.815341 0.182274 0.017045 0.033445
1 0.846591 0.158863 0.013258 0.030100
1 0.859848 0.171405 0.015152 0.031773
1 0.857008 0.198997 0.017045 0.033445
1 0.850852 0.225753 0.017992 0.050167
1 0.908617 0.166388 0.014205 0.031773
1 0.901042 0.188963 0.019886 0.036789
1 0.937500 0.282609 0.018939 0.053512
1 0.942235 0.268395 0.020833 0.045151
1 0.854167 0.285117 0.020833 0.045151
1 0.853693 0.339465 0.021780 0.056856
1 0.784564 0.298495 0.025568 0.051839
1 0.769886 0.241639 0.018939 0.045151
1 0.785985 0.214047 0.017045 0.040134
1 0.732955 0.282609 0.022727 0.046823