0 0.276442 0.444578 0.038462 0.040964
0 0.364183 0.478313 0.040865 0.045783
0 0.503606 0.431325 0.040865 0.043373
0 0.772837 0.320482 0.021635 0.024096
0 0.812500 0.321687 0.033654 0.026506
1 0.082933 0.591566 0.050481 0.036145
1 0.127404 0.661446 0.052885 0.045783
1 0.127404 0.620482 0.052885 0.045783
1 0.175481 0.496386 0.028846 0.033735
1 0.264423 0.509639 0.033654 0.040964
1 0.331731 0.530120 0.038462 0.038554
1 0.437500 0.508434 0.033654 0.028916
1 0.555288 0.445783 0.033654 0.038554
0 0.598558 0.354217 0.028846 0.033735
1 0.634615 0.325301 0.019231 0.024096
1 0.691106 0.318072 0.021635 0.024096
1 0.795673 0.283133 0.024038 0.021687
1 0.858173 0.234940 0.024038 0.021687
1 0.829327 0.237349 0.019231 0.021687
1 0.840144 0.342169 0.021635 0.024096
1 0.814904 0.397590 0.072115 0.134940