1 0.075709 0.653298 0.054251 0.126560
1 0.217004 0.287879 0.021053 0.048128
1 0.226721 0.317291 0.024291 0.053476
1 0.274494 0.262923 0.019433 0.044563
1 0.291498 0.267380 0.017814 0.053476
1 0.309717 0.225490 0.017004 0.040998
1 0.327530 0.251337 0.020243 0.049911
1 0.347773 0.235294 0.018623 0.046346
1 0.362753 0.219251 0.017814 0.042781
1 0.389069 0.208556 0.015385 0.035651
1 0.369636 0.283422 0.018623 0.049911
1 0.394332 0.273619 0.017814 0.048128
1 0.430364 0.212121 0.015385 0.042781
1 0.435628 0.187166 0.017814 0.042781
1 0.436032 0.327986 0.021862 0.057041
1 0.469636 0.266488 0.021053 0.051693
1 0.453846 0.186275 0.015385 0.030303
1 0.465587 0.188948 0.012955 0.039216
1 0.486235 0.172906 0.015385 0.035651
1 0.478543 0.196078 0.017814 0.046346
1 0.495142 0.227273 0.015385 0.044563
1 0.517814 0.188948 0.017004 0.046346
1 0.525911 0.177362 0.015385 0.037433
1 0.555061 0.152406 0.012146 0.037433
1 0.557895 0.171123 0.016194 0.035651
1 0.574089 0.156863 0.014575 0.039216
1 0.552632 0.249554 0.018623 0.042781
1 0.582591 0.190731 0.015385 0.039216
1 0.601215 0.137255 0.015385 0.035651
1 0.608502 0.171123 0.015385 0.035651
1 0.611741 0.196078 0.017004 0.046346
1 0.621457 0.217469 0.017004 0.046346
1 0.630769 0.148841 0.012955 0.037433
1 0.668016 0.147950 0.012955 0.035651
1 0.657490 0.166667 0.014575 0.037433
1 0.659109 0.204100 0.012955 0.040998
1 0.662753 0.246881 0.018623 0.055258
1 0.693522 0.156863 0.012146 0.035651
1 0.688259 0.172014 0.014575 0.044563
1 0.714170 0.172014 0.014575 0.044563
1 0.698785 0.237077 0.016194 0.053476
1 0.616194 0.321747 0.024291 0.062389
1 0.578138 0.366310 0.027530 0.055258
1 0.606883 0.398396 0.023482 0.058824
1 0.661943 0.433155 0.023482 0.064171
1 0.724291 0.426916 0.026721 0.065954
1 0.724696 0.283422 0.019433 0.053476
1 0.744534 0.253119 0.017004 0.042781
1 0.752227 0.215686 0.016194 0.039216
1 0.774899 0.204991 0.014575 0.042781
1 0.782591 0.229055 0.017004 0.044563
1 0.811336 0.213904 0.014575 0.039216
1 0.823887 0.250446 0.018623 0.037433
1 0.803644 0.270945 0.018623 0.046346
1 0.818623 0.326203 0.019433 0.057041
1 0.753441 0.322638 0.021862 0.057041
1 0.801215 0.473262 0.031579 0.083779
1 0.868421 0.520499 0.028340 0.092692
1 0.886235 0.435829 0.020243 0.076649
1 0.869636 0.376114 0.021053 0.064171
1 0.865992 0.340463 0.015385 0.049911
1 0.888259 0.322638 0.019433 0.046346
1 0.874899 0.261141 0.015385 0.037433
1 0.845749 0.235294 0.015385 0.039216
1 0.875304 0.237077 0.017814 0.046346
1 0.902024 0.245098 0.014575 0.044563
1 0.905668 0.284314 0.013765 0.044563
1 0.955061 0.273619 0.015385 0.040998
1 0.985020 0.293226 0.013765 0.044563
1 0.980972 0.333333 0.013765 0.032086
1 0.976923 0.356506 0.018623 0.042781
1 0.978543 0.398396 0.015385 0.055258
1 0.933198 0.295900 0.015385 0.046346
1 0.928745 0.357398 0.016194 0.055258
1 0.949798 0.415330 0.019433 0.071301
1 0.961538 0.483066 0.023482 0.081996