0 0.097356 0.369880 0.189904 0.330120
0 0.193510 0.346988 0.088942 0.110843
0 0.651442 0.309639 0.110577 0.132530
0 0.758413 0.346988 0.112981 0.115663
0 0.581731 0.359036 0.057692 0.101205
0 0.304087 0.378313 0.031250 0.033735
0 0.342548 0.389157 0.036058 0.045783
0 0.379808 0.369880 0.033654 0.055422
0 0.408654 0.374699 0.043269 0.060241
0 0.462740 0.380723 0.050481 0.072289
0 0.520433 0.393976 0.040865 0.045783
0 0.816106 0.368675 0.021635 0.048193
0 0.856971 0.372289 0.026442 0.036145
0 0.981971 0.381928 0.036058 0.040964
0 0.965144 0.372289 0.036058 0.040964
0 0.901442 0.375904 0.067308 0.086747