1 0.120318 0.398390 0.052213 0.096579
1 0.279796 0.230382 0.023837 0.038229
1 0.305335 0.223340 0.018161 0.028169
1 0.314415 0.229376 0.013621 0.032193
1 0.335982 0.200201 0.018161 0.038229
1 0.353008 0.223340 0.020431 0.040241
1 0.359251 0.247485 0.021566 0.044266
1 0.361521 0.195171 0.017026 0.036217
1 0.383655 0.217304 0.015891 0.032193
1 0.379115 0.170020 0.013621 0.026157
1 0.410329 0.241449 0.019296 0.040241
1 0.402384 0.174044 0.014756 0.030181
1 0.419977 0.158954 0.011351 0.024145
1 0.435301 0.160966 0.012486 0.024145
1 0.416572 0.201207 0.015891 0.032193
1 0.433031 0.201207 0.012486 0.036217
1 0.444381 0.189135 0.012486 0.028169
1 0.444949 0.242455 0.020431 0.042254
1 0.471056 0.199195 0.020431 0.036217
1 0.475028 0.192153 0.021566 0.030181
1 0.475596 0.155936 0.013621 0.030181
1 0.485244 0.147887 0.012486 0.022133
1 0.493757 0.160966 0.011351 0.036217
1 0.498297 0.126761 0.009081 0.024145
1 0.505675 0.151911 0.014756 0.030181
1 0.528944 0.128773 0.013621 0.024145
1 0.543133 0.135815 0.012486 0.026157
1 0.556754 0.131791 0.012486 0.026157
1 0.568672 0.136821 0.013621 0.032193
1 0.537457 0.165996 0.017026 0.030181
1 0.523837 0.181087 0.019296 0.036217
1 0.555051 0.188129 0.018161 0.038229
1 0.570375 0.168008 0.014756 0.034205
1 0.584563 0.177062 0.015891 0.036217
1 0.593644 0.168008 0.013621 0.026157
1 0.602157 0.117706 0.010216 0.026157
1 0.608967 0.139839 0.014756 0.026157
1 0.630533 0.154930 0.014756 0.032193
1 0.626561 0.136821 0.013621 0.024145
1 0.633371 0.115694 0.011351 0.022133
1 0.657208 0.114688 0.011351 0.028169
1 0.654938 0.149899 0.015891 0.030181
1 0.656640 0.222334 0.019296 0.050302
1 0.654370 0.188129 0.017026 0.042254
1 0.593076 0.233400 0.019296 0.048290
1 0.636776 0.245473 0.022701 0.048290
1 0.675936 0.112676 0.007946 0.020121
1 0.699205 0.126761 0.011351 0.028169
1 0.678207 0.136821 0.014756 0.028169
1 0.686152 0.228370 0.017026 0.042254
1 0.680477 0.262575 0.019296 0.050302
1 0.712826 0.324950 0.027242 0.062374
1 0.761067 0.355131 0.023837 0.066398
1 0.713394 0.241449 0.019296 0.044266
1 0.730420 0.147887 0.014756 0.030181
1 0.700908 0.180080 0.019296 0.046278
1 0.745176 0.187123 0.017026 0.032193
1 0.755959 0.132797 0.011351 0.028169
1 0.769012 0.129779 0.010216 0.026157
1 0.786606 0.143863 0.013621 0.026157
1 0.803632 0.136821 0.011351 0.028169
1 0.795687 0.171026 0.013621 0.032193
1 0.800795 0.207243 0.017026 0.040241
1 0.767310 0.236419 0.020431 0.046278
1 0.793417 0.298793 0.027242 0.062374
1 0.820658 0.136821 0.011351 0.024145
1 0.842225 0.153924 0.011351 0.026157
1 0.858683 0.151911 0.010216 0.030181
1 0.828604 0.177062 0.013621 0.040241
1 0.822928 0.200201 0.015891 0.034205
1 0.847333 0.229376 0.017026 0.044266
1 0.828604 0.251509 0.022701 0.048290
1 0.908059 0.158954 0.013621 0.028169
1 0.867196 0.185111 0.015891 0.036217
1 0.905221 0.185111 0.014756 0.028169
1 0.941544 0.183099 0.014756 0.028169
1 0.934733 0.196177 0.017026 0.026157
1 0.937571 0.214286 0.013621 0.034205
1 0.926788 0.242455 0.014756 0.038229
1 0.930193 0.272636 0.017026 0.046278
1 0.904086 0.226358 0.014756 0.042254
1 0.904654 0.201207 0.013621 0.036217
1 0.893871 0.238431 0.019296 0.042254
1 0.908059 0.334004 0.024972 0.064386