1 0.852163 0.364183 0.112981 0.127404
1 0.734375 0.348558 0.088942 0.100962
1 0.609375 0.361779 0.069712 0.079327
1 0.508413 0.383413 0.060096 0.074519
1 0.421875 0.390625 0.069712 0.088942
1 0.215144 0.328125 0.093750 0.103365
1 0.084135 0.326923 0.163462 0.211538
1 0.082933 0.110577 0.161058 0.216346
1 0.217548 0.109375 0.093750 0.103365
1 0.420673 0.051683 0.067308 0.079327
1 0.508413 0.054087 0.060096 0.074519
1 0.610577 0.072115 0.067308 0.091346
1 0.736779 0.087740 0.088942 0.103365
1 0.855769 0.081731 0.115385 0.120192