1 0.016653 0.420900 0.021649 0.043541
1 0.236053 0.344702 0.015820 0.030479
1 0.260616 0.376633 0.018318 0.042090
1 0.292256 0.309144 0.014988 0.029028
1 0.293505 0.386067 0.017485 0.029028
1 0.339717 0.367925 0.019983 0.036284
1 0.360533 0.302612 0.014988 0.027576
1 0.364280 0.337446 0.014155 0.030479
1 0.388010 0.332366 0.014988 0.029028
1 0.401332 0.271408 0.011657 0.026125
1 0.413405 0.277213 0.014155 0.029028
1 0.412573 0.309869 0.014155 0.024673
1 0.439634 0.366473 0.019983 0.036284
1 0.413405 0.345428 0.017485 0.034833
1 0.430891 0.325109 0.012490 0.020319
1 0.457952 0.267779 0.013322 0.027576
1 0.438385 0.249637 0.010824 0.023222
1 0.475437 0.243106 0.009992 0.015965
1 0.480017 0.246734 0.014155 0.023222
1 0.481682 0.275036 0.014155 0.021771
1 0.480433 0.312772 0.014988 0.024673
1 0.508743 0.327286 0.016653 0.030479
1 0.514988 0.266328 0.014155 0.030479
1 0.528726 0.253266 0.013322 0.024673
1 0.529975 0.281567 0.019151 0.034833
1 0.557452 0.251814 0.014155 0.030479
1 0.567860 0.232221 0.013322 0.023222
1 0.583264 0.227141 0.012490 0.021771
1 0.571607 0.285922 0.017485 0.034833
1 0.592007 0.265602 0.014988 0.031930
1 0.587011 0.253991 0.013322 0.023222
1 0.611990 0.227141 0.013322 0.027576
1 0.619484 0.211901 0.013322 0.026125
1 0.637802 0.227141 0.013322 0.030479
1 0.649875 0.231495 0.014155 0.030479
1 0.646128 0.252540 0.014988 0.026125
1 0.617818 0.259797 0.014988 0.029028
1 0.670691 0.215530 0.012490 0.024673
1 0.711490 0.227866 0.012490 0.026125
1 0.689425 0.241655 0.013322 0.027576
1 0.689842 0.271408 0.017485 0.034833
1 0.716070 0.251089 0.014988 0.029028
1 0.646545 0.305515 0.017485 0.036284
1 0.607410 0.342525 0.019151 0.040639
1 0.623647 0.365022 0.023314 0.042090
1 0.658201 0.351959 0.019151 0.036284
1 0.667777 0.373004 0.026644 0.046444
1 0.699833 0.362119 0.020816 0.039187
1 0.646545 0.489115 0.032473 0.058055
1 0.599500 0.469521 0.028310 0.062409
1 0.722731 0.492017 0.033306 0.063861
1 0.753539 0.419448 0.023314 0.043541
1 0.797252 0.433237 0.027477 0.050798
1 0.840966 0.534107 0.028310 0.055152
1 0.858868 0.486212 0.029142 0.052250
1 0.825562 0.369376 0.020816 0.047896
1 0.851790 0.354136 0.018318 0.037736
1 0.877186 0.380987 0.022481 0.044993
1 0.886345 0.343977 0.015820 0.029028
1 0.854704 0.321480 0.014155 0.027576
1 0.831807 0.312772 0.014988 0.027576
1 0.950458 0.356313 0.017485 0.036284
1 0.931724 0.330189 0.016653 0.030479
1 0.901749 0.324383 0.013322 0.024673
1 0.910908 0.292453 0.013322 0.033382
1 0.948793 0.310595 0.014155 0.031930
1 0.952540 0.290276 0.013322 0.026125
1 0.885512 0.256168 0.010824 0.030479
1 0.868027 0.285196 0.012490 0.027576
1 0.875104 0.279390 0.011657 0.030479
1 0.850958 0.263425 0.011657 0.024673
1 0.827644 0.270682 0.014988 0.030479
1 0.738551 0.293179 0.014988 0.029028
1 0.744796 0.253266 0.014155 0.027576
1 0.761032 0.255443 0.014988 0.034833
1 0.775187 0.242380 0.013322 0.031930
1 0.785595 0.284470 0.015820 0.037736
1 0.792673 0.255443 0.014988 0.026125
1 0.800583 0.253266 0.012490 0.027576
1 0.546628 0.363570 0.024147 0.042090
1 0.539967 0.435414 0.029142 0.052250
1 0.471690 0.419448 0.029142 0.049347
1 0.927560 0.467344 0.028310 0.052250