1 0.208092 0.473684 0.036609 0.075658
1 0.255780 0.268914 0.016378 0.027961
1 0.276493 0.275493 0.013487 0.024671
1 0.300578 0.270559 0.017341 0.027961
1 0.303468 0.309211 0.023121 0.036184
1 0.316956 0.234375 0.015414 0.024671
1 0.359827 0.217105 0.016378 0.029605
1 0.364644 0.230263 0.016378 0.029605
1 0.378613 0.286184 0.023121 0.036184
1 0.411368 0.265625 0.023121 0.044408
1 0.379094 0.194079 0.014451 0.026316
1 0.395472 0.189145 0.014451 0.026316
1 0.394509 0.221217 0.016378 0.027961
1 0.423892 0.199836 0.015414 0.031250
1 0.445087 0.238487 0.017341 0.036184
1 0.464836 0.194901 0.014451 0.031250
1 0.454239 0.175164 0.014451 0.027961
1 0.486031 0.232730 0.020231 0.041118
1 0.473988 0.149671 0.011561 0.023026
1 0.493738 0.140625 0.012524 0.018092
1 0.490366 0.161184 0.011561 0.023026
1 0.501445 0.196546 0.016378 0.031250
1 0.532755 0.201480 0.017341 0.027961
1 0.551060 0.171053 0.017341 0.032895
1 0.501927 0.152138 0.013487 0.021382
1 0.586224 0.177632 0.016378 0.036184
1 0.577071 0.150493 0.013487 0.024671
1 0.580925 0.121711 0.011561 0.023026
1 0.610790 0.124178 0.011561 0.021382
1 0.613198 0.148849 0.014451 0.027961
1 0.633911 0.123355 0.013487 0.026316
1 0.636320 0.142270 0.014451 0.027961
1 0.651734 0.138980 0.018304 0.027961
1 0.695087 0.120888 0.012524 0.024671
1 0.574663 0.240954 0.022158 0.050987
1 0.593449 0.287007 0.026975 0.050987
1 0.525530 0.305921 0.026012 0.052632
1 0.646917 0.301809 0.027938 0.054276
1 0.623314 0.250000 0.026975 0.052632
1 0.657996 0.203125 0.015414 0.034539
1 0.689306 0.207237 0.018304 0.032895
1 0.708574 0.155428 0.016378 0.034539
1 0.730250 0.153783 0.013487 0.031250
1 0.737958 0.179276 0.015414 0.032895
1 0.751927 0.200658 0.018304 0.039474
1 0.726397 0.231908 0.019268 0.036184
1 0.695568 0.264803 0.023121 0.049342
1 0.739403 0.273849 0.024085 0.047697
1 0.780347 0.234375 0.023121 0.041118
1 0.797206 0.204770 0.018304 0.041118
1 0.796243 0.165296 0.016378 0.031250
1 0.776975 0.146382 0.014451 0.032895
1 0.790462 0.134868 0.014451 0.026316
1 0.758189 0.122533 0.013487 0.024671
1 0.810212 0.153783 0.011561 0.021382
1 0.823218 0.173520 0.014451 0.027961
1 0.857900 0.155428 0.012524 0.024671
1 0.872351 0.166941 0.014451 0.027961
1 0.869942 0.193257 0.015414 0.031250
1 0.862235 0.221217 0.019268 0.041118
1 0.920039 0.164474 0.013487 0.029605
1 0.915222 0.195724 0.015414 0.029605
1 0.947495 0.241776 0.018304 0.032895
1 0.948940 0.268914 0.021195 0.041118
1 0.865125 0.280428 0.026975 0.047697
1 0.865607 0.333882 0.027938 0.055921
1 0.795761 0.295230 0.030829 0.050987