1 0.198737 0.486038 0.041788 0.085515
1 0.305637 0.241710 0.018465 0.036649
1 0.317784 0.201571 0.017493 0.036649
1 0.347425 0.154450 0.012634 0.029668
1 0.362974 0.192845 0.014577 0.026178
1 0.411079 0.170157 0.013605 0.029668
1 0.422741 0.175393 0.015549 0.029668
1 0.406220 0.226003 0.019436 0.036649
1 0.440233 0.212042 0.021380 0.043630
1 0.444121 0.162304 0.015549 0.031414
1 0.456268 0.171030 0.012634 0.031414
1 0.472789 0.178883 0.016521 0.029668
1 0.463557 0.142234 0.013605 0.019197
1 0.472303 0.150960 0.015549 0.022688
1 0.497085 0.140489 0.012634 0.019197
1 0.497085 0.161431 0.016521 0.029668
1 0.517493 0.145724 0.012634 0.022688
1 0.530126 0.129145 0.010690 0.017452
1 0.538387 0.141361 0.015549 0.027923
1 0.546647 0.181501 0.018465 0.034904
1 0.549563 0.166667 0.012634 0.022688
1 0.562196 0.154450 0.012634 0.033159
1 0.586978 0.150087 0.013605 0.024433
1 0.588921 0.123037 0.011662 0.019197
1 0.598154 0.124782 0.012634 0.022688
1 0.580661 0.184119 0.016521 0.036649
1 0.627308 0.143106 0.014577 0.027923
1 0.632167 0.127400 0.012634 0.024433
1 0.649174 0.144852 0.013605 0.027923
1 0.660350 0.134380 0.012634 0.027923
1 0.663751 0.110820 0.011662 0.019197
1 0.682702 0.130890 0.012634 0.020942
1 0.696793 0.127400 0.015549 0.027923
1 0.628280 0.182373 0.014577 0.022688
1 0.628766 0.210297 0.019436 0.040140
1 0.586006 0.258290 0.017493 0.045375
1 0.664237 0.191099 0.016521 0.036649
1 0.676385 0.219895 0.015549 0.034904
1 0.638484 0.264398 0.021380 0.043630
1 0.660836 0.316754 0.017493 0.033159
1 0.680272 0.355148 0.033042 0.075044
1 0.609329 0.311518 0.027211 0.061082
1 0.560253 0.320244 0.024295 0.054101
1 0.486880 0.341187 0.023324 0.040140
1 0.723032 0.240838 0.017493 0.045375
1 0.705539 0.181501 0.015549 0.031414
1 0.733236 0.190227 0.014577 0.034904
1 0.764820 0.193717 0.015549 0.034904
1 0.751701 0.164921 0.014577 0.033159
1 0.739553 0.157941 0.011662 0.019197
1 0.767736 0.131763 0.013605 0.026178
1 0.774538 0.166667 0.011662 0.022688
1 0.790573 0.188482 0.014577 0.027923
1 0.822157 0.187609 0.013605 0.026178
1 0.822643 0.205934 0.012634 0.031414
1 0.845967 0.199825 0.014577 0.036649
1 0.861030 0.172775 0.013605 0.031414
1 0.875121 0.160558 0.012634 0.024433
1 0.877065 0.184991 0.014577 0.024433
1 0.887755 0.203316 0.014577 0.029668
1 0.915938 0.176265 0.012634 0.027923
1 0.935374 0.198080 0.014577 0.033159
1 0.935374 0.236475 0.016521 0.040140
1 0.914966 0.267016 0.018465 0.041885
1 0.884840 0.240838 0.016521 0.045375
1 0.831390 0.248691 0.016521 0.033159
1 0.799320 0.235602 0.018465 0.038394
1 0.810010 0.259162 0.018465 0.033159
1 0.777454 0.301047 0.025267 0.050611
1 0.805637 0.369110 0.029155 0.054101
1 0.847425 0.377836 0.023324 0.040140
1 0.871234 0.402269 0.030126 0.075044
1 0.892614 0.312391 0.022352 0.052356
1 0.867347 0.289703 0.018465 0.055846