1 0.339435 0.208647 0.017782 0.033835
1 0.474372 0.203947 0.028243 0.062030
1 0.549686 0.191729 0.017782 0.033835
1 0.550732 0.232143 0.028243 0.062030
1 0.584205 0.224624 0.021967 0.050752
1 0.618201 0.201128 0.023013 0.045113
1 0.635983 0.235902 0.023013 0.050752
1 0.660042 0.211466 0.020921 0.046992
1 0.698745 0.213346 0.018828 0.039474
1 0.725941 0.269737 0.023013 0.058271
1 0.822699 0.292293 0.026151 0.050752
1 0.871862 0.260338 0.021967 0.058271
1 0.932531 0.292293 0.028243 0.065789
1 0.911611 0.304511 0.024059 0.060150
1 0.904289 0.335526 0.030335 0.065789