1 0.080529 0.430120 0.060096 0.069880
1 0.019231 0.460241 0.033654 0.057831
1 0.145433 0.465060 0.040865 0.043373
1 0.205529 0.443373 0.040865 0.067470
1 0.231971 0.460241 0.026442 0.033735
1 0.266827 0.456627 0.038462 0.050602
1 0.332933 0.450602 0.031250 0.033735
1 0.395433 0.444578 0.040865 0.045783
1 0.433894 0.442169 0.031250 0.045783
1 0.507212 0.444578 0.033654 0.050602
1 0.536058 0.449398 0.024038 0.036145
1 0.596154 0.430120 0.048077 0.055422
1 0.692308 0.445783 0.052885 0.057831
1 0.665865 0.434940 0.033654 0.045783
1 0.740385 0.442169 0.033654 0.045783
1 0.823317 0.422892 0.045673 0.055422
1 0.967548 0.431325 0.060096 0.067470