1 0.096154 0.462740 0.057692 0.074519
1 0.173077 0.438702 0.043269 0.060096
1 0.241587 0.405048 0.050481 0.074519
1 0.289663 0.427885 0.036058 0.043269
1 0.344952 0.419471 0.026442 0.045673
1 0.450721 0.427885 0.040865 0.062500
0 0.554087 0.414663 0.016827 0.036058
1 0.579327 0.406250 0.043269 0.062500
1 0.610577 0.406250 0.019231 0.033654
1 0.674279 0.389423 0.031250 0.048077
1 0.705529 0.412260 0.036058 0.064904
1 0.870192 0.411058 0.048077 0.062500
1 0.938702 0.407452 0.036058 0.045673
1 0.890625 0.370192 0.012019 0.014423
1 0.856971 0.346154 0.007212 0.009615
0 0.945913 0.342548 0.007212 0.012019