1 0.172608 0.499161 0.033771 0.072148
1 0.275328 0.237416 0.012195 0.031879
1 0.297373 0.255034 0.015009 0.026846
1 0.309099 0.213926 0.012195 0.028523
1 0.316135 0.236577 0.015009 0.033557
1 0.339587 0.248322 0.016886 0.040268
1 0.344747 0.210570 0.012195 0.031879
1 0.352720 0.226510 0.015009 0.036913
1 0.363508 0.239933 0.014071 0.040268
1 0.376642 0.185403 0.014071 0.031879
1 0.391182 0.185403 0.015009 0.035235
1 0.387899 0.215604 0.015947 0.038591
1 0.393058 0.261745 0.016886 0.033557
1 0.427298 0.254195 0.017824 0.038591
1 0.416041 0.183725 0.014071 0.031879
1 0.446998 0.179530 0.014071 0.036913
1 0.460600 0.223154 0.015009 0.040268
1 0.474203 0.225671 0.015947 0.038591
1 0.456379 0.146812 0.010319 0.021812
1 0.469512 0.154362 0.012195 0.016779
1 0.476079 0.165268 0.010319 0.018456
1 0.483583 0.137584 0.012195 0.026846
1 0.495779 0.144295 0.012195 0.020134
1 0.479831 0.187919 0.015947 0.026846
1 0.502814 0.186242 0.015009 0.026846
1 0.520169 0.161913 0.014071 0.028523
1 0.523452 0.187081 0.015009 0.031879
1 0.551126 0.156040 0.012195 0.026846
1 0.562852 0.148490 0.011257 0.021812
1 0.560976 0.118289 0.013133 0.028523
1 0.583490 0.120805 0.011257 0.026846
1 0.590525 0.139262 0.012195 0.026846
1 0.582083 0.160235 0.014071 0.035235
1 0.608818 0.119128 0.011257 0.026846
1 0.614916 0.142617 0.012195 0.023490
1 0.632270 0.133389 0.013133 0.025168
1 0.637899 0.110738 0.011257 0.023490
1 0.625235 0.197987 0.015947 0.033557
1 0.652908 0.173658 0.015009 0.031879
1 0.681520 0.119966 0.012195 0.025168
1 0.566604 0.283557 0.022514 0.043624
1 0.518762 0.296980 0.020638 0.033557
1 0.550188 0.244966 0.017824 0.026846
1 0.619606 0.246644 0.019700 0.040268
1 0.642120 0.313758 0.025328 0.050336
1 0.671201 0.215604 0.019700 0.031879
1 0.681051 0.250839 0.016886 0.052013
1 0.704972 0.276846 0.021576 0.053691
1 0.765009 0.273490 0.023452 0.053691
1 0.753752 0.235738 0.019700 0.045302
1 0.708255 0.213087 0.022514 0.033557
1 0.695591 0.182047 0.017824 0.038591
1 0.689962 0.148490 0.014071 0.028523
1 0.714353 0.130872 0.012195 0.030201
1 0.720919 0.158557 0.014071 0.028523
1 0.731238 0.133389 0.014071 0.021812
1 0.747655 0.133389 0.013133 0.031879
1 0.762664 0.123322 0.013133 0.025168
1 0.736398 0.187919 0.016886 0.033557
1 0.765478 0.156879 0.016886 0.031879
1 0.784240 0.146812 0.013133 0.028523
1 0.799719 0.152685 0.014071 0.026846
1 0.775797 0.201342 0.020638 0.050336
1 0.826454 0.150168 0.011257 0.021812
1 0.845216 0.156040 0.013133 0.023490
1 0.846154 0.174497 0.015009 0.030201
1 0.837242 0.193792 0.014071 0.038591
1 0.862101 0.230705 0.018762 0.045302
1 0.839587 0.294463 0.022514 0.048658
1 0.894934 0.195470 0.015009 0.035235
1 0.884615 0.170302 0.013133 0.028523
1 0.890244 0.155201 0.013133 0.025168
1 0.929174 0.244128 0.017824 0.035235
1 0.930582 0.263423 0.022514 0.040268