1 0.157209 0.499172 0.053953 0.127483
1 0.147442 0.340232 0.026977 0.044702
1 0.216279 0.437914 0.062326 0.114238
1 0.260930 0.270695 0.028837 0.044702
1 0.305581 0.193709 0.023256 0.036424
1 0.312558 0.374172 0.035349 0.066225
1 0.351628 0.177152 0.018605 0.039735
1 0.378605 0.216060 0.022326 0.044702
1 0.393488 0.201987 0.014884 0.023179
1 0.462326 0.228477 0.020465 0.039735
1 0.460465 0.277318 0.035349 0.071192
1 0.508837 0.275662 0.020465 0.051325
1 0.555349 0.213576 0.022326 0.059603
1 0.572558 0.089404 0.013953 0.029801
1 0.583721 0.125000 0.021395 0.044702
1 0.632093 0.256623 0.023256 0.059603
1 0.601860 0.302152 0.031628 0.064570
1 0.645581 0.135762 0.020465 0.043046
1 0.667907 0.137417 0.020465 0.052980
1 0.691628 0.142384 0.021395 0.046358