1 0.045412 0.412791 0.037843 0.071429
1 0.259224 0.286545 0.018921 0.031561
1 0.306055 0.266611 0.017975 0.041528
1 0.297067 0.250831 0.018921 0.029900
1 0.310785 0.234219 0.016083 0.029900
1 0.326395 0.281561 0.018921 0.038206
1 0.347209 0.274917 0.017029 0.044850
1 0.331126 0.250000 0.015137 0.028239
1 0.377483 0.214286 0.013245 0.029900
1 0.385052 0.216777 0.013245 0.034884
1 0.407758 0.299834 0.024598 0.044850
1 0.389309 0.199336 0.012299 0.029900
1 0.415326 0.225083 0.015137 0.034884
1 0.415326 0.173588 0.015137 0.028239
1 0.436140 0.191860 0.015137 0.031561
1 0.449858 0.194352 0.016083 0.033223
1 0.453642 0.227575 0.016083 0.039867
1 0.471618 0.230066 0.019868 0.044850
1 0.466887 0.192691 0.014191 0.029900
1 0.464049 0.167774 0.014191 0.026578
1 0.476348 0.156146 0.014191 0.026578
1 0.492904 0.195183 0.015137 0.028239
1 0.491012 0.162791 0.015137 0.029900
1 0.488647 0.138704 0.010407 0.021595
1 0.529801 0.135382 0.015137 0.028239
1 0.524598 0.162791 0.014191 0.026578
1 0.548723 0.158638 0.017029 0.038206
1 0.541627 0.200997 0.017975 0.043189
1 0.560076 0.142857 0.013245 0.026578
1 0.564806 0.110465 0.013245 0.021595
1 0.581362 0.164452 0.019868 0.039867
1 0.596026 0.115449 0.015137 0.028239
1 0.607379 0.102159 0.013245 0.028239
1 0.633396 0.100498 0.012299 0.024917
1 0.658467 0.098007 0.013245 0.026578
1 0.692526 0.103821 0.013245 0.034884
1 0.678808 0.126246 0.014191 0.033223
1 0.644276 0.126246 0.013245 0.023256
1 0.617313 0.124585 0.014191 0.019934
1 0.613529 0.153654 0.016083 0.034884
1 0.599338 0.147010 0.014191 0.034884
1 0.697256 0.148671 0.015137 0.034884
1 0.720435 0.144518 0.014191 0.033223
1 0.746925 0.126246 0.012299 0.029900
1 0.761116 0.108804 0.012299 0.034884
1 0.779092 0.133721 0.012299 0.031561
1 0.786187 0.121262 0.011353 0.029900
1 0.800851 0.138704 0.014191 0.031561
1 0.815516 0.137874 0.013245 0.023256
1 0.842006 0.145349 0.015137 0.031561
1 0.844844 0.166113 0.013245 0.036545
1 0.861873 0.153654 0.013245 0.038206
1 0.876064 0.133721 0.013245 0.028239
1 0.879376 0.156977 0.014191 0.031561
1 0.888363 0.173588 0.013245 0.034884
1 0.905866 0.131229 0.012299 0.029900
1 0.906812 0.168605 0.012299 0.028239
1 0.936140 0.157807 0.010407 0.026578
1 0.940397 0.179402 0.013245 0.029900
1 0.935667 0.211794 0.015137 0.034884
1 0.894986 0.201827 0.013245 0.034884
1 0.878430 0.220930 0.016083 0.049834
1 0.853832 0.190199 0.016083 0.041528
1 0.811731 0.185216 0.015137 0.031561
1 0.773415 0.174419 0.014191 0.029900
1 0.755913 0.157807 0.013245 0.033223
1 0.748344 0.174419 0.017029 0.036545
1 0.743614 0.204319 0.015137 0.046512
1 0.712394 0.184385 0.020814 0.039867
1 0.655156 0.182724 0.016083 0.033223
1 0.662725 0.211794 0.023652 0.048173
1 0.701514 0.222591 0.019868 0.046512
1 0.759697 0.247508 0.020814 0.046512
1 0.829234 0.252492 0.021760 0.056478
1 0.933775 0.285714 0.020814 0.056478
1 0.791864 0.291528 0.024598 0.061462
1 0.731788 0.281561 0.029328 0.054817
1 0.670293 0.258306 0.023652 0.051495
1 0.611164 0.206811 0.020814 0.038206
1 0.587039 0.240033 0.023652 0.041528
1 0.617786 0.259967 0.026490 0.051495
1 0.617786 0.329734 0.028382 0.068106
1 0.693472 0.323920 0.030274 0.063123
1 0.491958 0.308140 0.026490 0.051495
1 0.561022 0.290698 0.024598 0.059801