1 0.739183 0.045783 0.108173 0.086747
1 0.174279 0.353012 0.108173 0.118072
1 0.350962 0.338554 0.081731 0.108434
1 0.568510 0.344578 0.084135 0.096386
1 0.735577 0.324096 0.115385 0.142169
1 0.862981 0.365060 0.076923 0.084337
1 0.961538 0.344578 0.048077 0.067470
1 0.985577 0.310843 0.028846 0.115663
1 0.024038 0.390361 0.043269 0.053012
1 0.093750 0.373494 0.048077 0.053012
1 0.242788 0.372289 0.028846 0.036145
1 0.520433 0.381928 0.036058 0.055422
1 0.646635 0.367470 0.038462 0.045783
1 0.466346 0.380723 0.028846 0.033735
1 0.682692 0.374699 0.014423 0.021687
1 0.617788 0.354217 0.038462 0.062651
1 0.500000 0.377108 0.019231 0.036145