1 0.126501 0.485935 0.054444 0.094233
1 0.217774 0.352321 0.020817 0.037975
1 0.264211 0.330520 0.024019 0.042194
1 0.293835 0.343179 0.024019 0.039381
1 0.330665 0.348805 0.025620 0.036568
1 0.285028 0.296062 0.022418 0.035162
1 0.352282 0.317862 0.017614 0.030942
1 0.356285 0.282700 0.016013 0.030942
1 0.379904 0.321378 0.018415 0.029536
1 0.397518 0.232068 0.015212 0.030942
1 0.405925 0.254571 0.017614 0.030942
1 0.404323 0.288326 0.017614 0.028129
1 0.403923 0.320675 0.021617 0.033755
1 0.435548 0.291139 0.019215 0.030942
1 0.444355 0.252461 0.012810 0.023910
1 0.440753 0.238397 0.010408 0.023910
1 0.462370 0.232068 0.015212 0.030942
1 0.457566 0.265120 0.015212 0.026723
1 0.469175 0.298172 0.017614 0.030942
1 0.448759 0.324191 0.023219 0.037975
1 0.491193 0.374824 0.021617 0.052039
1 0.479984 0.285513 0.018415 0.036568
1 0.512010 0.241210 0.013611 0.026723
1 0.525220 0.261603 0.016013 0.036568
1 0.540432 0.240506 0.017614 0.033755
1 0.550440 0.218706 0.013611 0.029536
1 0.564852 0.203235 0.016813 0.023910
1 0.592874 0.217300 0.010408 0.023910
1 0.602482 0.192686 0.013611 0.028129
1 0.616894 0.199015 0.012010 0.026723
1 0.576061 0.242616 0.015212 0.029536
1 0.571257 0.231364 0.013611 0.026723
1 0.590873 0.242616 0.014412 0.032349
1 0.552442 0.266526 0.017614 0.032349
1 0.528823 0.340366 0.021617 0.042194
1 0.503203 0.325598 0.023219 0.046414
1 0.593675 0.315049 0.024820 0.047820
1 0.622498 0.290436 0.023219 0.037975
1 0.633707 0.239803 0.018415 0.032349
1 0.654524 0.206048 0.012010 0.023910
1 0.662130 0.218706 0.011209 0.029536
1 0.673739 0.215893 0.013611 0.029536
1 0.667334 0.253165 0.015212 0.033755
1 0.644516 0.322785 0.020817 0.037975
1 0.538831 0.392405 0.027222 0.050633
1 0.579263 0.395921 0.021617 0.035162
1 0.579664 0.434599 0.030424 0.073136
1 0.636109 0.449367 0.034428 0.068917
1 0.650921 0.376231 0.027222 0.060478
1 0.694155 0.236990 0.017614 0.035162
1 0.724179 0.210970 0.013611 0.028129
1 0.725380 0.248242 0.016013 0.040788
1 0.714572 0.276371 0.016813 0.035162
1 0.686549 0.337553 0.021617 0.045007
1 0.668935 0.314346 0.021617 0.037975
1 0.730184 0.393108 0.024019 0.049226
1 0.706165 0.454993 0.036829 0.066104
1 0.758607 0.411392 0.028022 0.052039
1 0.752602 0.244023 0.014412 0.026723
1 0.765813 0.226442 0.015212 0.030942
1 0.767014 0.259494 0.014412 0.035162
1 0.753002 0.282700 0.020016 0.039381
1 0.793435 0.249648 0.017614 0.023910
1 0.825460 0.253868 0.017614 0.026723
1 0.853883 0.242616 0.013611 0.035162
1 0.844676 0.263713 0.012810 0.037975
1 0.861489 0.272855 0.016013 0.033755
1 0.848679 0.306610 0.016013 0.036568
1 0.801441 0.291139 0.014412 0.033755
1 0.826261 0.306610 0.017614 0.039381
1 0.870296 0.311533 0.019215 0.040788
1 0.921938 0.260197 0.015212 0.036568
1 0.917134 0.292546 0.015212 0.028129
1 0.904724 0.317159 0.019215 0.040788
1 0.921938 0.316456 0.013611 0.039381
1 0.911129 0.361463 0.019215 0.045007
1 0.893114 0.384669 0.016813 0.040788
1 0.860689 0.363572 0.017614 0.043601
1 0.848279 0.343882 0.021617 0.043601
1 0.829464 0.418425 0.027222 0.057665
1 0.892714 0.449367 0.024019 0.054852
1 0.795837 0.344585 0.019215 0.050633
1 0.794636 0.502110 0.029624 0.070323