0 0.405048 0.068510 0.146635 0.132212
0 0.024038 0.376202 0.043269 0.084135
0 0.175481 0.438702 0.081731 0.093750
0 0.413462 0.283654 0.134615 0.153846
0 0.441106 0.402644 0.021635 0.031250
0 0.492788 0.447115 0.091346 0.096154
0 0.462740 0.584135 0.156250 0.365385
0 0.500000 0.354567 0.033654 0.045673
0 0.843750 0.367788 0.019231 0.033654
0 0.598558 0.356971 0.024038 0.031250
0 0.736779 0.373798 0.026442 0.036058
0 0.727163 0.412260 0.031250 0.036058
0 0.687500 0.394231 0.028846 0.033654
0 0.711538 0.360577 0.024038 0.038462
0 0.569712 0.454327 0.057692 0.072115