0 0.158654 0.377108 0.052885 0.060241
0 0.820913 0.583133 0.112981 0.139759
0 0.899038 0.248193 0.086538 0.106024
0 0.877404 0.409639 0.048077 0.086747
0 0.786058 0.291566 0.062500 0.067470
0 0.693510 0.253012 0.031250 0.043373
0 0.544471 0.240964 0.060096 0.057831
0 0.353365 0.373494 0.100962 0.110843
0 0.353365 0.260241 0.062500 0.062651
0 0.381010 0.304819 0.026442 0.050602
0 0.355769 0.063855 0.072115 0.069880
0 0.544471 0.074699 0.055288 0.057831
0 0.698317 0.062651 0.040865 0.043373
0 0.784856 0.033735 0.055288 0.062651
0 0.902644 0.069880 0.088942 0.106024
0 0.379808 0.021687 0.033654 0.038554