1 0.179298 0.479441 0.042514 0.083882
1 0.271719 0.288651 0.014787 0.024671
1 0.271719 0.260691 0.018484 0.027961
1 0.287431 0.269737 0.018484 0.032895
1 0.331331 0.282072 0.021257 0.034539
1 0.372921 0.288651 0.021257 0.034539
1 0.394640 0.199836 0.014787 0.027961
1 0.371996 0.188322 0.015712 0.027961
1 0.403882 0.176809 0.014787 0.027961
1 0.416359 0.171875 0.015712 0.027961
1 0.416821 0.111842 0.014787 0.026316
1 0.441312 0.185855 0.013863 0.032895
1 0.439002 0.238487 0.016636 0.039474
1 0.469501 0.227796 0.020333 0.037829
1 0.482902 0.196546 0.017560 0.027961
1 0.472274 0.184211 0.016636 0.029605
1 0.476895 0.151316 0.014787 0.026316
1 0.496303 0.139803 0.009242 0.016447
1 0.509242 0.145559 0.011091 0.021382
1 0.521257 0.140625 0.011091 0.021382
1 0.518022 0.171053 0.015712 0.029605
1 0.553142 0.122533 0.013863 0.021382
1 0.577172 0.141447 0.015712 0.029605
1 0.586414 0.122533 0.015712 0.024671
1 0.609057 0.107730 0.012939 0.024671
1 0.626155 0.108553 0.010166 0.023026
1 0.607671 0.143092 0.013863 0.026316
1 0.567930 0.180099 0.013863 0.031250
1 0.544362 0.187500 0.018484 0.036184
1 0.488447 0.346217 0.026802 0.041118
1 0.528189 0.356086 0.026802 0.044408
1 0.670518 0.330592 0.024954 0.046053
1 0.578096 0.236020 0.019409 0.041118
1 0.611368 0.246711 0.019409 0.039474
1 0.625693 0.210526 0.014787 0.036184
1 0.651109 0.220395 0.015712 0.039474
1 0.682532 0.240954 0.017560 0.034539
1 0.727357 0.250822 0.020333 0.054276
1 0.745841 0.229441 0.020333 0.044408
1 0.774492 0.269737 0.024030 0.049342
1 0.728743 0.342105 0.028651 0.065789
1 0.761091 0.356908 0.032348 0.069079
1 0.711645 0.197368 0.022181 0.039474
1 0.688078 0.192434 0.015712 0.036184
1 0.653882 0.173520 0.019409 0.034539
1 0.658041 0.115132 0.011091 0.023026
1 0.642329 0.138158 0.012939 0.023026
1 0.691312 0.106086 0.011091 0.021382
1 0.745379 0.118421 0.013863 0.029605
1 0.772181 0.129934 0.012015 0.023026
1 0.755083 0.159539 0.016636 0.026316
1 0.777264 0.198191 0.018484 0.037829
1 0.829482 0.121711 0.010166 0.019737
1 0.827172 0.143092 0.012939 0.026316
1 0.828558 0.194901 0.017560 0.037829
1 0.801294 0.253289 0.020333 0.039474
1 0.855360 0.259868 0.015712 0.042763
1 0.875231 0.215461 0.014787 0.032895
1 0.908503 0.242599 0.014787 0.031250
1 0.915434 0.207237 0.015712 0.036184
1 0.853512 0.161184 0.013863 0.026316
1 0.874307 0.187500 0.014787 0.019737
1 0.922366 0.158717 0.011091 0.027961
1 0.862292 0.123355 0.011091 0.026316
1 0.872921 0.346217 0.026802 0.047697
1 0.911738 0.376645 0.030499 0.039474
1 0.891405 0.284539 0.017560 0.036184