1 0.208947 0.353704 0.041053 0.074074
1 0.315263 0.227778 0.015789 0.033333
1 0.323684 0.199074 0.017895 0.031481
1 0.348947 0.207407 0.015789 0.029630
1 0.414737 0.192593 0.016842 0.033333
1 0.424211 0.175926 0.014737 0.025926
1 0.422632 0.150000 0.013684 0.025926
1 0.460000 0.143519 0.010526 0.024074
1 0.470000 0.132407 0.011579 0.024074
1 0.484737 0.141667 0.013684 0.024074
1 0.494211 0.127778 0.011579 0.025926
1 0.447368 0.209259 0.018947 0.037037
1 0.455789 0.179630 0.016842 0.033333
1 0.481579 0.187963 0.015789 0.031481
1 0.482632 0.214815 0.017895 0.033333
1 0.503684 0.148148 0.013684 0.025926
1 0.504211 0.134259 0.010526 0.020370
1 0.523158 0.122222 0.012632 0.022222
1 0.539474 0.135185 0.011579 0.022222
1 0.545263 0.124074 0.010526 0.022222
1 0.527895 0.156481 0.013684 0.027778
1 0.548421 0.159259 0.014737 0.025926
1 0.542105 0.184259 0.016842 0.031481
1 0.564737 0.148148 0.013684 0.029630
1 0.593158 0.111111 0.009474 0.022222
1 0.602632 0.121296 0.011579 0.027778
1 0.595263 0.145370 0.013684 0.024074
1 0.592105 0.166667 0.015789 0.033333
1 0.621053 0.100000 0.012632 0.022222
1 0.642632 0.099074 0.009474 0.020370
1 0.638421 0.113889 0.009474 0.020370
1 0.647895 0.125926 0.011579 0.022222
1 0.661053 0.106481 0.012632 0.020370
1 0.666842 0.112963 0.011579 0.022222
1 0.628947 0.137963 0.011579 0.027778
1 0.638947 0.148148 0.012632 0.022222
1 0.684211 0.124074 0.012632 0.022222
1 0.699474 0.120370 0.013684 0.025926
1 0.515789 0.264815 0.023158 0.040741
1 0.587368 0.280556 0.023158 0.042593
1 0.594211 0.234259 0.020000 0.038889
1 0.646842 0.196296 0.017895 0.037037
1 0.639474 0.243519 0.017895 0.038889
1 0.628947 0.298148 0.024211 0.051852
1 0.669474 0.211111 0.018947 0.037037
1 0.668947 0.173148 0.015789 0.031481
1 0.712105 0.157407 0.013684 0.033333
1 0.694211 0.306481 0.026316 0.057407
1 0.688947 0.260185 0.022105 0.035185
1 0.725789 0.225926 0.020000 0.044444
1 0.700000 0.212037 0.014737 0.027778
1 0.725263 0.140741 0.014737 0.029630
1 0.745789 0.164815 0.013684 0.029630
1 0.757368 0.125000 0.013684 0.024074
1 0.769474 0.120370 0.012632 0.025926
1 0.767895 0.144444 0.013684 0.029630
1 0.786842 0.135185 0.011579 0.029630
1 0.771053 0.179630 0.015789 0.037037
1 0.763158 0.320370 0.027368 0.059259
1 0.806316 0.276852 0.025263 0.050000
1 0.822632 0.243519 0.017895 0.038889
1 0.795789 0.198148 0.016842 0.037037
1 0.812632 0.187963 0.014737 0.031481
1 0.803158 0.160185 0.014737 0.031481
1 0.831579 0.175000 0.014737 0.031481
1 0.846842 0.150000 0.013684 0.029630
1 0.873158 0.152778 0.013684 0.035185
1 0.880000 0.152778 0.010526 0.027778
1 0.854211 0.189815 0.013684 0.031481
1 0.864737 0.187963 0.013684 0.031481
1 0.843684 0.212037 0.015789 0.031481
1 0.833158 0.352778 0.024211 0.053704
1 0.853684 0.300000 0.021053 0.044444
1 0.906842 0.381481 0.024211 0.055556
1 0.867895 0.287037 0.020000 0.040741
1 0.888947 0.225926 0.015789 0.040741
1 0.931579 0.278704 0.021053 0.046296
1 0.877895 0.263889 0.016842 0.031481
1 0.932105 0.237037 0.017895 0.037037
1 0.939474 0.214815 0.017895 0.037037
1 0.944737 0.169444 0.013684 0.027778
1 0.897368 0.195370 0.015789 0.027778
1 0.908947 0.166667 0.011579 0.029630
1 0.917368 0.159259 0.011579 0.029630