1 0.120209 0.520774 0.048780 0.084527
1 0.221690 0.331662 0.020035 0.038682
1 0.253049 0.361748 0.020035 0.047278
1 0.288763 0.361748 0.021777 0.038682
1 0.281794 0.310172 0.025261 0.035817
1 0.339721 0.353152 0.026132 0.055874
1 0.356272 0.324499 0.019164 0.035817
1 0.358449 0.291547 0.021777 0.030086
1 0.386324 0.339542 0.021777 0.037249
1 0.415070 0.325931 0.021777 0.041547
1 0.412892 0.292264 0.019164 0.034384
1 0.397213 0.253582 0.020906 0.037249
1 0.424216 0.267908 0.015679 0.028653
1 0.435540 0.250716 0.015679 0.028653
1 0.455575 0.253582 0.013937 0.028653
1 0.464721 0.268625 0.018293 0.032951
1 0.439895 0.305158 0.019164 0.028653
1 0.480401 0.305874 0.021777 0.030086
1 0.517422 0.320917 0.020906 0.040115
1 0.452962 0.338825 0.024390 0.038682
1 0.473432 0.236390 0.011324 0.028653
1 0.478223 0.227077 0.010453 0.021490
1 0.515244 0.264327 0.016551 0.027221
1 0.535279 0.274355 0.016551 0.035817
1 0.537456 0.246418 0.015679 0.025788
1 0.537021 0.231375 0.014808 0.024355
1 0.560976 0.247135 0.015679 0.030086
1 0.567944 0.219198 0.013937 0.022923
1 0.586672 0.212034 0.013066 0.020057
1 0.589721 0.226361 0.017422 0.028653
1 0.594077 0.259312 0.019164 0.031519
1 0.571429 0.275072 0.019164 0.034384
1 0.553136 0.352436 0.024390 0.057307
1 0.494338 0.396132 0.033972 0.053009
1 0.533101 0.448424 0.034843 0.057307
1 0.621080 0.321633 0.022648 0.044413
1 0.618031 0.217765 0.014808 0.025788
1 0.630226 0.204155 0.013066 0.030086
1 0.619774 0.244269 0.018293 0.030086
1 0.650261 0.200573 0.014808 0.031519
1 0.658537 0.218481 0.013937 0.030086
1 0.647213 0.247135 0.017422 0.032951
1 0.655052 0.290115 0.020906 0.038682
1 0.688589 0.205587 0.013066 0.024355
1 0.698171 0.217765 0.011324 0.025788
1 0.706446 0.213467 0.012195 0.025788
1 0.693815 0.265043 0.016551 0.037249
1 0.642857 0.360315 0.022648 0.047278
1 0.668118 0.336676 0.022648 0.048711
1 0.675958 0.367479 0.031359 0.053009
1 0.713415 0.354585 0.024390 0.047278
1 0.730836 0.246418 0.019164 0.031519
1 0.718641 0.292980 0.017422 0.041547
1 0.729965 0.290831 0.017422 0.037249
1 0.761760 0.232808 0.013066 0.030086
1 0.770035 0.251433 0.017422 0.030086
1 0.793118 0.251433 0.014808 0.030086
1 0.813153 0.233524 0.014808 0.031519
1 0.817944 0.255731 0.015679 0.032951
1 0.806185 0.270057 0.018293 0.035817
1 0.841899 0.237822 0.016551 0.031519
1 0.875436 0.250716 0.013937 0.031519
1 0.893728 0.267192 0.013937 0.038682
1 0.908537 0.250716 0.013937 0.028653
1 0.932491 0.272923 0.014808 0.032951
1 0.977352 0.273639 0.013937 0.028653
1 0.975610 0.297994 0.013937 0.034384
1 0.965157 0.310172 0.013937 0.035817
1 0.948171 0.319484 0.018293 0.037249
1 0.928136 0.314470 0.018293 0.035817
1 0.913328 0.334527 0.018293 0.041547
1 0.962544 0.365330 0.017422 0.042980
1 0.882404 0.315903 0.015679 0.038682
1 0.848432 0.292264 0.017422 0.037249
1 0.863240 0.329513 0.017422 0.045845
1 0.892422 0.376074 0.021777 0.058739
1 0.844512 0.348138 0.020035 0.048711
1 0.869774 0.438395 0.027003 0.063037
1 0.810976 0.423352 0.027875 0.061605
1 0.858014 0.501433 0.027875 0.065903
1 0.949042 0.447708 0.028746 0.067335
1 0.752178 0.402579 0.030488 0.054441
1 0.610627 0.436963 0.034843 0.065903
1 0.657666 0.458453 0.036585 0.077364
1 0.721254 0.532951 0.045296 0.080229