1 0.089604 0.282986 0.020792 0.048611
1 0.279208 0.237847 0.015842 0.031250
1 0.294059 0.234375 0.013861 0.027778
1 0.331683 0.225694 0.015842 0.031250
1 0.350990 0.184896 0.014851 0.029514
1 0.355446 0.201389 0.015842 0.027778
1 0.350990 0.230903 0.018812 0.031250
1 0.379208 0.242188 0.017822 0.032986
1 0.379703 0.208333 0.014851 0.027778
1 0.392574 0.215278 0.018812 0.038194
1 0.412376 0.241319 0.020792 0.038194
1 0.406436 0.177083 0.014851 0.027778
1 0.403465 0.167535 0.012871 0.022569
1 0.427723 0.168403 0.011881 0.017361
1 0.424752 0.194444 0.013861 0.024306
1 0.430198 0.209201 0.014851 0.029514
1 0.448020 0.203125 0.014851 0.024306
1 0.461881 0.217882 0.018812 0.032986
1 0.446535 0.256944 0.021782 0.038194
1 0.451485 0.164062 0.015842 0.029514
1 0.490099 0.157986 0.011881 0.024306
1 0.500990 0.160590 0.013861 0.026042
1 0.506436 0.136285 0.010891 0.019097
1 0.534158 0.139757 0.014851 0.029514
1 0.528713 0.189236 0.015842 0.027778
1 0.508911 0.191840 0.013861 0.029514
1 0.540594 0.167535 0.013861 0.029514
1 0.553960 0.134549 0.012871 0.026042
1 0.557921 0.146701 0.014851 0.029514
1 0.561881 0.190972 0.014851 0.034722
1 0.572277 0.171007 0.013861 0.032986
1 0.579703 0.149306 0.012871 0.027778
1 0.598020 0.083333 0.011881 0.020833
1 0.620792 0.110243 0.009901 0.019097
1 0.619802 0.128472 0.011881 0.020833
1 0.599505 0.151910 0.012871 0.026042
1 0.610396 0.170139 0.012871 0.027778
1 0.629703 0.148438 0.011881 0.026042
1 0.645545 0.127604 0.013861 0.026042
1 0.664356 0.117188 0.011881 0.022569
1 0.667327 0.130208 0.011881 0.020833
1 0.647525 0.163194 0.011881 0.024306
1 0.685149 0.142361 0.013861 0.027778
1 0.690594 0.119792 0.010891 0.020833
1 0.712871 0.125000 0.013861 0.024306
1 0.599010 0.235243 0.019802 0.036458
1 0.643564 0.261285 0.025743 0.039931
1 0.674752 0.191840 0.016832 0.032986
1 0.688119 0.229167 0.017822 0.038194
1 0.693069 0.276042 0.017822 0.041667
1 0.702970 0.320312 0.025743 0.060764
1 0.720792 0.194444 0.015842 0.031250
1 0.706436 0.188368 0.018812 0.032986
1 0.739604 0.157986 0.013861 0.027778
1 0.743564 0.177951 0.017822 0.032986
1 0.760396 0.205729 0.017822 0.032986
1 0.740594 0.241319 0.017822 0.038194
1 0.774752 0.252604 0.018812 0.046875
1 0.800495 0.296875 0.024752 0.045139
1 0.807921 0.222222 0.017822 0.034722
1 0.828713 0.271701 0.021782 0.046875
1 0.848020 0.228299 0.016832 0.036458
1 0.917822 0.360243 0.025743 0.053819
1 0.929703 0.265625 0.017822 0.038194
1 0.951980 0.227431 0.014851 0.031250
1 0.942079 0.216146 0.014851 0.032986
1 0.958911 0.202257 0.012871 0.029514
1 0.951980 0.195312 0.010891 0.022569
1 0.918812 0.164062 0.013861 0.022569
1 0.913861 0.188368 0.013861 0.032986
1 0.907426 0.191840 0.012871 0.032986
1 0.900495 0.219618 0.012871 0.039931
1 0.887129 0.246528 0.019802 0.041667
1 0.877228 0.190104 0.015842 0.029514
1 0.881683 0.168403 0.012871 0.024306
1 0.861881 0.164062 0.010891 0.026042
1 0.846040 0.172743 0.014851 0.029514
1 0.837624 0.187500 0.011881 0.024306
1 0.823762 0.217014 0.015842 0.024306
1 0.801485 0.177951 0.012871 0.022569
1 0.809406 0.143229 0.010891 0.022569
1 0.841584 0.146701 0.009901 0.022569
1 0.791089 0.158854 0.011881 0.026042
1 0.778713 0.155382 0.012871 0.022569
1 0.786139 0.140625 0.011881 0.020833
1 0.764851 0.144965 0.012871 0.029514
1 0.752970 0.388889 0.030693 0.062500