0 0.983173 0.433894 0.033654 0.045673
0 0.746394 0.419471 0.074519 0.064904
1 0.698317 0.420673 0.036058 0.043269
1 0.633413 0.421875 0.050481 0.060096
1 0.486779 0.420673 0.040865 0.048077
0 0.395433 0.453125 0.045673 0.050481
1 0.319712 0.456731 0.048077 0.052885
1 0.219952 0.413462 0.050481 0.062500
1 0.043269 0.426683 0.052885 0.060096
0 0.745192 0.027644 0.072115 0.050481
1 0.700721 0.025240 0.031250 0.045673
1 0.634615 0.026442 0.052885 0.048077
0 0.552885 0.027644 0.048077 0.050481
1 0.489183 0.024038 0.045673 0.043269
1 0.218750 0.031250 0.052885 0.057692
1 0.044471 0.025240 0.050481 0.045673