1 0.057308 0.274766 0.026288 0.048598
1 0.282334 0.207477 0.017876 0.033645
1 0.307045 0.210280 0.014721 0.031776
1 0.318086 0.213084 0.015773 0.044860
1 0.343323 0.215888 0.015773 0.042991
1 0.344374 0.166355 0.013670 0.041121
1 0.359096 0.185981 0.017876 0.039252
1 0.374869 0.165421 0.015773 0.035514
1 0.392744 0.199065 0.017876 0.039252
1 0.375394 0.223364 0.018927 0.050467
1 0.401157 0.226168 0.017876 0.044860
1 0.423239 0.234579 0.015773 0.046729
1 0.417981 0.173832 0.015773 0.033645
1 0.412198 0.152336 0.012618 0.031776
1 0.423239 0.145794 0.011567 0.026168
1 0.436909 0.155140 0.013670 0.029907
1 0.444269 0.212150 0.019979 0.050467
1 0.451630 0.180374 0.013670 0.039252
1 0.474763 0.184112 0.019979 0.035514
1 0.488959 0.156075 0.016824 0.031776
1 0.483176 0.140187 0.011567 0.029907
1 0.496845 0.114019 0.009464 0.026168
1 0.514196 0.136449 0.012618 0.033645
1 0.512093 0.171963 0.016824 0.037383
1 0.531020 0.159813 0.018927 0.028037
1 0.523659 0.118692 0.012618 0.024299
1 0.549947 0.116822 0.016824 0.024299
1 0.549947 0.155140 0.018927 0.033645
1 0.572555 0.139252 0.017876 0.028037
1 0.557308 0.176636 0.021030 0.039252
1 0.595163 0.152336 0.016824 0.035514
1 0.594111 0.100935 0.014721 0.022430
1 0.618297 0.097196 0.008412 0.022430
1 0.623028 0.129907 0.013670 0.031776
1 0.641430 0.142991 0.014721 0.031776
1 0.649317 0.136449 0.013670 0.029907
1 0.656677 0.103738 0.013670 0.028037
1 0.680862 0.109346 0.011567 0.031776
1 0.692429 0.101869 0.011567 0.028037
1 0.712934 0.101869 0.012618 0.028037
1 0.639327 0.183178 0.014721 0.037383
1 0.587802 0.218692 0.021030 0.052336
1 0.616193 0.239252 0.025237 0.056075
1 0.659832 0.189720 0.017876 0.042991
1 0.718191 0.171028 0.016824 0.039252
1 0.734490 0.136449 0.013670 0.029907
1 0.690326 0.216822 0.019979 0.037383
1 0.698738 0.253271 0.019979 0.050467
1 0.713460 0.337383 0.032597 0.061682
1 0.760252 0.371028 0.029443 0.069159
1 0.738696 0.221495 0.015773 0.046729
1 0.735542 0.176636 0.015773 0.035514
1 0.757624 0.187850 0.017876 0.039252
1 0.753943 0.128972 0.012618 0.033645
1 0.769190 0.122430 0.013670 0.035514
1 0.762881 0.233645 0.019979 0.044860
1 0.800736 0.291589 0.019979 0.056075
1 0.828601 0.246729 0.021030 0.048598
1 0.793375 0.197196 0.019979 0.039252
1 0.803365 0.157009 0.012618 0.029907
1 0.788118 0.131776 0.013670 0.031776
1 0.801788 0.128972 0.011567 0.026168
1 0.837014 0.131776 0.010515 0.028037
1 0.856993 0.139252 0.010515 0.028037
1 0.847529 0.144860 0.014721 0.028037
1 0.828076 0.171028 0.017876 0.035514
1 0.842797 0.214019 0.015773 0.039252
1 0.856467 0.204673 0.015773 0.039252
1 0.866456 0.167290 0.012618 0.039252
1 0.891167 0.232710 0.017876 0.042991
1 0.899579 0.213084 0.011567 0.033645
1 0.905889 0.175701 0.013670 0.033645
1 0.912198 0.150467 0.015773 0.039252
1 0.945846 0.178505 0.015773 0.031776
1 0.936383 0.196262 0.015773 0.037383
1 0.934805 0.217757 0.016824 0.035514
1 0.934280 0.260748 0.017876 0.039252
1 0.909569 0.330841 0.023134 0.063551