1 0.912260 0.384615 0.093750 0.100962
1 0.840144 0.384615 0.055288 0.081731
1 0.759615 0.402644 0.067308 0.084135
1 0.503606 0.390625 0.088942 0.098558
1 0.325721 0.379808 0.093750 0.110577
1 0.259615 0.389423 0.043269 0.057692
1 0.145433 0.395433 0.069712 0.088942
1 0.145433 0.050481 0.069712 0.086538
1 0.258413 0.050481 0.050481 0.067308
1 0.326923 0.063702 0.091346 0.108173
1 0.504808 0.052885 0.086538 0.096154
1 0.758413 0.043269 0.074519 0.081731
1 0.840144 0.055288 0.060096 0.081731
1 0.912260 0.060096 0.088942 0.100962