1 0.248096 0.166990 0.015234 0.034951
1 0.309032 0.232039 0.019587 0.036893
1 0.409684 0.210680 0.020675 0.036893
1 0.423286 0.253398 0.021763 0.044660
1 0.445593 0.183495 0.018498 0.040777
1 0.458651 0.146602 0.018498 0.033010
1 0.482590 0.178641 0.018498 0.038835
1 0.444505 0.235922 0.018498 0.036893
1 0.546790 0.171845 0.016322 0.036893
1 0.561480 0.185437 0.019587 0.040777
1 0.632209 0.123301 0.017410 0.033010
1 0.628945 0.220388 0.023939 0.052427
1 0.670838 0.221359 0.020675 0.050485
1 0.673558 0.169903 0.021763 0.044660
1 0.736670 0.220388 0.021763 0.052427
1 0.625136 0.318447 0.031556 0.073786
1 0.637650 0.269903 0.023939 0.058252
1 0.665397 0.298058 0.029380 0.056311
1 0.689880 0.321359 0.032644 0.079612
1 0.829162 0.253398 0.026115 0.052427
1 0.871600 0.265049 0.026115 0.056311
1 0.933624 0.247573 0.021763 0.048544