0 0.151442 0.349760 0.091346 0.093750
0 0.231971 0.317308 0.060096 0.072115
1 0.288462 0.349760 0.038462 0.050481
1 0.402644 0.372596 0.040865 0.057692
1 0.506010 0.423077 0.050481 0.057692
1 0.461538 0.373798 0.019231 0.026442
0 0.497596 0.355769 0.033654 0.043269
1 0.568510 0.383413 0.045673 0.050481
1 0.631010 0.385817 0.031250 0.040865
1 0.716346 0.372596 0.038462 0.033654
1 0.727163 0.496394 0.036058 0.040865
0 0.153846 0.040865 0.091346 0.076923
0 0.231971 0.068510 0.055288 0.069712
1 0.288462 0.031250 0.033654 0.048077