1 0.131707 0.351304 0.040976 0.069565
1 0.307317 0.238261 0.017561 0.034783
1 0.312683 0.213043 0.016585 0.036522
1 0.354146 0.198261 0.017561 0.034783
1 0.355122 0.182609 0.013659 0.034783
1 0.375122 0.200000 0.018537 0.041739
1 0.363902 0.226087 0.019512 0.034783
1 0.378049 0.241739 0.020488 0.041739
1 0.409268 0.232174 0.020488 0.043478
1 0.416098 0.197391 0.016585 0.040000
1 0.417561 0.159130 0.015610 0.026087
1 0.430732 0.230435 0.018537 0.043478
1 0.446341 0.222609 0.016585 0.045217
1 0.547805 0.292174 0.030244 0.062609
1 0.589756 0.231304 0.022439 0.045217
1 0.622927 0.218261 0.020488 0.036522
1 0.634146 0.239130 0.027317 0.053913
1 0.562439 0.180870 0.020488 0.031304
1 0.591220 0.167826 0.015610 0.036522
1 0.597073 0.153913 0.017561 0.036522
1 0.623415 0.148696 0.015610 0.029565
1 0.628293 0.128696 0.015610 0.027826
1 0.639024 0.320870 0.025366 0.060870
1 0.702439 0.309565 0.031220 0.059130
1 0.689756 0.249565 0.023415 0.053913
1 0.671707 0.173913 0.018537 0.034783
1 0.704390 0.152174 0.013659 0.033043
1 0.759024 0.361739 0.029268 0.073043
1 0.751707 0.289565 0.022439 0.060870
1 0.719512 0.219130 0.022439 0.048696
1 0.720000 0.182609 0.017561 0.041739
1 0.735122 0.142609 0.014634 0.034783
1 0.754146 0.135652 0.013659 0.027826
1 0.759512 0.155652 0.014634 0.036522
1 0.748293 0.170435 0.015610 0.034783
1 0.762439 0.186957 0.018537 0.036522
1 0.775122 0.225217 0.020488 0.043478
1 0.799024 0.204348 0.019512 0.036522
1 0.797561 0.136522 0.014634 0.033043
1 0.814634 0.158261 0.015610 0.038261
1 0.822439 0.251304 0.019512 0.050435
1 0.841463 0.332174 0.026341 0.062609
1 0.784390 0.310435 0.029268 0.057391
1 0.828780 0.418261 0.030244 0.067826
1 0.909268 0.453913 0.037073 0.080000
1 0.927317 0.332174 0.026341 0.059130
1 0.876585 0.279130 0.022439 0.046957
1 0.897561 0.226957 0.017561 0.043478
1 0.930244 0.281739 0.018537 0.062609
1 0.937561 0.224348 0.017561 0.048696
1 0.446829 0.160000 0.017561 0.031304
1 0.456098 0.162609 0.016585 0.036522
1 0.481951 0.186957 0.017561 0.036522
1 0.487805 0.214783 0.021463 0.043478
1 0.514146 0.186957 0.017561 0.040000
1 0.473171 0.136522 0.013659 0.026087
1 0.483902 0.139130 0.011707 0.024348
1 0.491220 0.144348 0.012683 0.024348
1 0.496585 0.150435 0.011707 0.033043
1 0.513171 0.146957 0.013659 0.026087
1 0.509268 0.120000 0.011707 0.024348
1 0.529756 0.126087 0.013659 0.026087
1 0.530244 0.164348 0.014634 0.036522
1 0.553659 0.143478 0.010732 0.029565
1 0.559024 0.123478 0.013659 0.027826
1 0.559024 0.164348 0.013659 0.036522
1 0.583902 0.144348 0.014634 0.034783
1 0.582927 0.121739 0.010732 0.027826
1 0.589756 0.114783 0.012683 0.027826
1 0.612195 0.120000 0.016585 0.031304
1 0.617073 0.113043 0.012683 0.031304
1 0.643415 0.108696 0.012683 0.029565
1 0.649756 0.132174 0.015610 0.031304
1 0.664390 0.115652 0.013659 0.029565
1 0.678537 0.103478 0.012683 0.026087
1 0.692195 0.123478 0.014634 0.027826
1 0.718049 0.119130 0.011707 0.026087