1 0.849760 0.353365 0.040865 0.052885
1 0.704327 0.360577 0.038462 0.048077
1 0.578125 0.366587 0.031250 0.040865
1 0.533654 0.360577 0.028846 0.038462
1 0.503606 0.361779 0.031250 0.050481
1 0.467548 0.368990 0.031250 0.040865
1 0.423077 0.359375 0.028846 0.045673
1 0.368990 0.372596 0.036058 0.038462
1 0.247596 0.356971 0.014423 0.040865
1 0.271635 0.361779 0.038462 0.064904
1 0.188702 0.350962 0.021635 0.038462
1 0.215144 0.347356 0.031250 0.045673
1 0.131010 0.352163 0.050481 0.055288
1 0.072115 0.352163 0.033654 0.036058
1 0.021635 0.368990 0.028846 0.036058