1 0.117593 0.346154 0.024074 0.054010
1 0.157407 0.307692 0.020370 0.045827
1 0.206944 0.288871 0.019444 0.047463
1 0.195833 0.350245 0.028704 0.055646
1 0.203241 0.396890 0.032407 0.080196
1 0.191667 0.474632 0.037037 0.085106
1 0.267130 0.314239 0.032407 0.065466
1 0.357870 0.171849 0.013889 0.036007
1 0.431019 0.166121 0.026852 0.040917
1 0.568056 0.125205 0.021296 0.044190
1 0.669444 0.108838 0.016667 0.040917
1 0.716204 0.118658 0.021296 0.040917
1 0.738426 0.091653 0.023148 0.039280
1 0.789815 0.238953 0.038889 0.081833
1 0.937963 0.300327 0.040741 0.093290