1 0.335202 0.181637 0.015695 0.039920
1 0.353139 0.200599 0.013453 0.037924
1 0.385090 0.173653 0.014574 0.027944
1 0.412556 0.172655 0.013453 0.025948
1 0.427130 0.171657 0.013453 0.035928
1 0.432175 0.145709 0.012332 0.027944
1 0.441704 0.158683 0.015695 0.025948
1 0.470291 0.127745 0.014574 0.023952
1 0.496076 0.140719 0.019058 0.025948
1 0.501682 0.158683 0.019058 0.025948
1 0.525224 0.127745 0.012332 0.027944
1 0.536996 0.161677 0.017937 0.031936
1 0.561659 0.157685 0.020179 0.027944
1 0.572870 0.130739 0.015695 0.025948
1 0.582399 0.120758 0.016816 0.025948
1 0.600336 0.140719 0.014574 0.025948
1 0.623318 0.104790 0.011211 0.021956
1 0.659753 0.113772 0.010090 0.015968
1 0.680493 0.113772 0.013453 0.019960
1 0.665359 0.135729 0.012332 0.031936
1 0.709081 0.118762 0.012332 0.021956
1 0.623879 0.173653 0.016816 0.035928
1 0.582399 0.188623 0.016816 0.033932
1 0.530269 0.216567 0.022422 0.033932
1 0.501682 0.192615 0.021300 0.033932
1 0.470291 0.211577 0.021300 0.035928
1 0.478139 0.158683 0.019058 0.025948
1 0.767377 0.130739 0.012332 0.029940
1 0.783072 0.135729 0.014574 0.035928
1 0.804372 0.129741 0.012332 0.023952
1 0.831839 0.132735 0.013453 0.033932
1 0.860426 0.150699 0.014574 0.029940
1 0.883969 0.150699 0.010090 0.025948
1 0.918722 0.180639 0.016816 0.037924
1 0.947870 0.173653 0.012332 0.031936
1 0.942265 0.223553 0.016816 0.039920
1 0.932735 0.260479 0.017937 0.049900
1 0.885650 0.273453 0.020179 0.043912
1 0.886211 0.236527 0.016816 0.045908
1 0.863229 0.208583 0.015695 0.045908
1 0.813901 0.161677 0.013453 0.031936
1 0.792601 0.176647 0.013453 0.029940
1 0.778587 0.181637 0.016816 0.039920
1 0.744955 0.150699 0.014574 0.021956
1 0.725897 0.144711 0.014574 0.033932
1 0.700112 0.178643 0.016816 0.033932
1 0.718610 0.188623 0.017937 0.045908
1 0.738229 0.182635 0.016816 0.033932
1 0.658632 0.196607 0.019058 0.041916
1 0.632287 0.215569 0.022422 0.047904
1 0.664238 0.238523 0.021300 0.041916
1 0.737108 0.238523 0.021300 0.041916
1 0.803251 0.211577 0.016816 0.035928
1 0.813901 0.209581 0.015695 0.031936
1 0.598655 0.229541 0.022422 0.059880
1 0.896300 0.424152 0.041480 0.097804
1 0.629484 0.121756 0.010090 0.019960
1 0.548767 0.190619 0.016816 0.021956