1 0.282452 0.311298 0.093750 0.098558
1 0.460337 0.314904 0.074519 0.105769
1 0.600962 0.317308 0.057692 0.091346
1 0.653846 0.328125 0.076923 0.098558
1 0.712740 0.335337 0.050481 0.093750
1 0.780048 0.343750 0.060096 0.081731
1 0.843750 0.302885 0.076923 0.105769
1 0.930288 0.320913 0.057692 0.084135
1 0.280048 0.092548 0.093750 0.103365
1 0.460337 0.088942 0.069712 0.110577
1 0.597356 0.085337 0.060096 0.093750
1 0.650240 0.073317 0.079327 0.103365
1 0.715144 0.069712 0.060096 0.096154
1 0.778846 0.061298 0.057692 0.079327
1 0.843750 0.096154 0.081731 0.105769
1 0.927885 0.082933 0.067308 0.084135