1 0.124524 0.478889 0.050826 0.091111
1 0.218551 0.258889 0.017789 0.033333
1 0.248412 0.251111 0.021601 0.035556
1 0.287802 0.220000 0.016518 0.031111
1 0.337992 0.226667 0.025413 0.044444
1 0.325921 0.196667 0.021601 0.028889
1 0.367217 0.193333 0.015248 0.035556
1 0.380559 0.182222 0.019060 0.026667
1 0.387548 0.232222 0.017789 0.042222
1 0.407878 0.217778 0.015248 0.031111
1 0.406607 0.176667 0.017789 0.033333
1 0.452351 0.275556 0.022872 0.044444
1 0.440915 0.185556 0.020330 0.037778
1 0.447903 0.158889 0.013977 0.028889
1 0.468869 0.157778 0.017789 0.022222
1 0.505083 0.150000 0.019060 0.037778
1 0.506989 0.188889 0.020330 0.040000
1 0.484117 0.222222 0.022872 0.040000
1 0.535578 0.160000 0.019060 0.035556
1 0.566074 0.135556 0.016518 0.031111
1 0.562897 0.201111 0.017789 0.033333
1 0.587675 0.184444 0.016518 0.026667
1 0.568615 0.156667 0.016518 0.028889
1 0.587039 0.133333 0.015248 0.026667
1 0.591487 0.158889 0.019060 0.033333
1 0.611817 0.178889 0.016518 0.028889
1 0.630241 0.186667 0.015248 0.035556
1 0.606734 0.126667 0.016518 0.031111
1 0.615629 0.150000 0.016518 0.033333
1 0.639771 0.127778 0.013977 0.028889
1 0.663914 0.137778 0.013977 0.031111
1 0.676620 0.128889 0.013977 0.031111
1 0.666455 0.168889 0.013977 0.026667
1 0.625794 0.255556 0.024142 0.044444
1 0.583863 0.297778 0.024142 0.048889
1 0.614994 0.323333 0.022872 0.046667
1 0.674714 0.342222 0.022872 0.053333
1 0.680432 0.207778 0.019060 0.037778
1 0.695044 0.133333 0.012706 0.022222
1 0.716645 0.154444 0.015248 0.033333
1 0.695044 0.162222 0.017789 0.026667
1 0.702033 0.197778 0.019060 0.035556
1 0.735070 0.236667 0.024142 0.037778
1 0.733799 0.346667 0.029225 0.062222
1 0.754130 0.181111 0.016518 0.033333
1 0.776366 0.176667 0.017789 0.033333
1 0.749047 0.210000 0.016518 0.037778
1 0.785260 0.217778 0.015248 0.031111
1 0.801779 0.204444 0.015248 0.031111
1 0.812579 0.177778 0.016518 0.035556
1 0.844981 0.198889 0.017789 0.028889
1 0.826557 0.207778 0.016518 0.028889
1 0.794790 0.242222 0.016518 0.035556
1 0.754765 0.258889 0.020330 0.042222
1 0.817027 0.264444 0.020330 0.044444
1 0.863405 0.298889 0.019060 0.037778
1 0.870394 0.211111 0.017789 0.031111
1 0.879288 0.207778 0.015248 0.028889
1 0.902160 0.208889 0.015248 0.035556
1 0.899619 0.236667 0.012706 0.033333
1 0.888818 0.258889 0.016518 0.042222
1 0.875476 0.281111 0.017789 0.037778
1 0.888183 0.351111 0.020330 0.057778
1 0.797332 0.380000 0.031766 0.066667
1 0.946633 0.224444 0.015248 0.035556
1 0.979670 0.230000 0.010165 0.033333
1 0.930750 0.244444 0.013977 0.031111
1 0.923126 0.297778 0.016518 0.044444
1 0.973952 0.274444 0.011436 0.028889
1 0.973316 0.294444 0.012706 0.037778
1 0.972681 0.320000 0.013977 0.044444
1 0.944727 0.332222 0.019060 0.060000
1 0.949809 0.413333 0.019060 0.053333
1 0.867853 0.421111 0.025413 0.068889