1 0.095395 0.498358 0.053571 0.106732
1 0.257989 0.282430 0.019737 0.029557
1 0.270207 0.270115 0.015977 0.031199
1 0.289944 0.283251 0.015977 0.034483
1 0.310150 0.286535 0.015038 0.041051
1 0.342575 0.278325 0.021617 0.037767
1 0.401316 0.291461 0.024436 0.047619
1 0.303102 0.250411 0.017857 0.034483
1 0.321898 0.215928 0.015977 0.027915
1 0.335526 0.231527 0.018797 0.036125
1 0.358553 0.220854 0.015977 0.034483
1 0.370771 0.214286 0.015977 0.027915
1 0.391447 0.200328 0.017857 0.036125
1 0.420113 0.216749 0.016917 0.032841
1 0.414944 0.168309 0.015977 0.031199
1 0.432801 0.195402 0.014098 0.029557
1 0.438910 0.219212 0.016917 0.044335
1 0.451128 0.190476 0.016917 0.032841
1 0.463816 0.195402 0.015977 0.036125
1 0.466165 0.229885 0.020677 0.042693
1 0.446429 0.154351 0.015038 0.022989
1 0.477914 0.161741 0.014098 0.024631
1 0.477914 0.145320 0.014098 0.024631
1 0.485902 0.132184 0.013158 0.021346
1 0.512218 0.183087 0.016917 0.024631
1 0.516917 0.164204 0.013158 0.036125
1 0.532895 0.142036 0.015038 0.027915
1 0.526786 0.130542 0.010338 0.024631
1 0.562500 0.118227 0.012218 0.026273
1 0.551222 0.142036 0.014098 0.027915
1 0.554981 0.152709 0.015977 0.032841
1 0.567669 0.171593 0.018797 0.034483
1 0.541823 0.192118 0.019737 0.036125
1 0.585996 0.128079 0.015977 0.026273
1 0.597744 0.096880 0.015038 0.029557
1 0.587876 0.146962 0.017857 0.027915
1 0.620771 0.138752 0.015977 0.034483
1 0.609962 0.121511 0.013158 0.026273
1 0.627350 0.100985 0.014098 0.024631
1 0.653665 0.099343 0.012218 0.024631
1 0.648966 0.114943 0.012218 0.026273
1 0.675752 0.114122 0.015038 0.027915
1 0.692199 0.109195 0.012218 0.024631
1 0.706297 0.133826 0.017857 0.037767
1 0.685150 0.152709 0.016917 0.039409
1 0.651786 0.165846 0.015977 0.036125
1 0.663064 0.193760 0.017857 0.042693
1 0.612782 0.201149 0.022556 0.044335
1 0.621711 0.252053 0.025376 0.044335
1 0.562030 0.286535 0.030075 0.050903
1 0.565789 0.247947 0.020677 0.042693
1 0.590226 0.365353 0.035714 0.060755
1 0.491071 0.309524 0.027256 0.054187
1 0.676222 0.332512 0.029135 0.060755
1 0.666823 0.256979 0.023496 0.050903
1 0.701598 0.211002 0.023496 0.041051
1 0.698308 0.188013 0.018797 0.037767
1 0.730733 0.197044 0.019737 0.049261
1 0.745301 0.160920 0.013158 0.032841
1 0.734962 0.117406 0.013158 0.034483
1 0.748120 0.132184 0.013158 0.034483
1 0.753759 0.116585 0.011278 0.029557
1 0.769737 0.129721 0.015038 0.026273
1 0.777256 0.120690 0.011278 0.031199
1 0.781485 0.159278 0.014098 0.032841
1 0.728853 0.280788 0.031015 0.055829
1 0.757049 0.249589 0.023496 0.052545
1 0.788534 0.279146 0.024436 0.055829
1 0.820019 0.255337 0.023496 0.044335
1 0.804981 0.123153 0.012218 0.026273
1 0.800282 0.137931 0.010338 0.029557
1 0.800752 0.174056 0.018797 0.049261
1 0.819549 0.167488 0.016917 0.036125
1 0.833177 0.136289 0.015977 0.036125
1 0.864192 0.153530 0.014098 0.034483
1 0.867951 0.138752 0.015977 0.024631
1 0.901786 0.141215 0.012218 0.022989
1 0.928571 0.155172 0.011278 0.021346
1 0.927632 0.165025 0.013158 0.031199
1 0.928571 0.195402 0.015038 0.036125
1 0.895207 0.165025 0.017857 0.037767
1 0.894267 0.200328 0.015977 0.036125
1 0.849624 0.184729 0.018797 0.041051
1 0.862782 0.214286 0.018797 0.044335
1 0.930921 0.287356 0.019737 0.052545