1 0.102366 0.409677 0.039126 0.077419
1 0.294813 0.239516 0.012739 0.030645
1 0.301183 0.214516 0.016379 0.029032
1 0.339399 0.219355 0.014559 0.029032
1 0.352593 0.195968 0.013649 0.030645
1 0.354868 0.175806 0.010919 0.019355
1 0.356688 0.225000 0.016379 0.033871
1 0.372611 0.213710 0.015469 0.033871
1 0.380346 0.233871 0.014559 0.035484
1 0.379891 0.177419 0.015469 0.025806
1 0.403094 0.213710 0.016379 0.033871
1 0.413103 0.240323 0.020018 0.038710
1 0.447225 0.245968 0.019108 0.043548
1 0.448590 0.204032 0.014559 0.033871
1 0.466788 0.207258 0.016379 0.037097
1 0.423112 0.191935 0.010919 0.022581
1 0.419472 0.170161 0.012739 0.024194
1 0.430391 0.160484 0.009099 0.017742
1 0.445405 0.160484 0.013649 0.027419
1 0.485441 0.138710 0.010009 0.019355
1 0.486351 0.150000 0.013649 0.025806
1 0.499090 0.183065 0.013649 0.033871
1 0.502730 0.131452 0.010009 0.017742
1 0.516379 0.155645 0.013649 0.030645
1 0.526843 0.180645 0.016379 0.032258
1 0.521383 0.138710 0.009099 0.016129
1 0.540946 0.162903 0.013649 0.025806
1 0.553230 0.136290 0.012739 0.030645
1 0.570519 0.164516 0.012739 0.029032
1 0.564149 0.187097 0.016379 0.035484
1 0.581438 0.141129 0.012739 0.024194
1 0.595086 0.128226 0.009099 0.014516
1 0.600546 0.122581 0.009099 0.012903
1 0.640582 0.104839 0.010919 0.016129
1 0.640127 0.120968 0.011829 0.022581
1 0.652411 0.120161 0.012739 0.024194
1 0.626479 0.139516 0.011829 0.027419
1 0.609190 0.166935 0.015469 0.030645
1 0.600091 0.158065 0.011829 0.029032
1 0.645587 0.162903 0.013649 0.029032
1 0.655596 0.152419 0.013649 0.027419
1 0.681074 0.130645 0.013649 0.025806
1 0.688808 0.117742 0.010919 0.022581
1 0.710646 0.119355 0.010919 0.025806
1 0.599636 0.231452 0.021838 0.040323
1 0.642402 0.252419 0.023658 0.043548
1 0.653776 0.237903 0.019108 0.043548
1 0.662420 0.184677 0.014559 0.030645
1 0.692903 0.259677 0.019108 0.041935
1 0.700637 0.316129 0.030937 0.058065
1 0.714286 0.190323 0.016379 0.032258
1 0.731574 0.172581 0.016379 0.029032
1 0.735669 0.149194 0.013649 0.024194
1 0.762966 0.137903 0.011829 0.030645
1 0.782530 0.134677 0.010919 0.024194
1 0.787534 0.150806 0.011829 0.027419
1 0.795723 0.173387 0.011829 0.027419
1 0.808462 0.144355 0.010009 0.027419
1 0.821201 0.147581 0.010009 0.024194
1 0.762511 0.203226 0.016379 0.038710
1 0.741583 0.245161 0.018198 0.045161
1 0.772975 0.248387 0.019108 0.038710
1 0.805278 0.208065 0.016379 0.035484
1 0.796633 0.285484 0.022748 0.045161
1 0.764786 0.347581 0.026388 0.056452
1 0.831210 0.252419 0.019108 0.046774
1 0.841674 0.222581 0.018198 0.041935
1 0.833485 0.179032 0.012739 0.029032
1 0.840309 0.165323 0.013649 0.027419
1 0.856233 0.155645 0.010919 0.027419
1 0.869427 0.187097 0.013649 0.035484
1 0.874886 0.166935 0.011829 0.024194
1 0.909008 0.154839 0.010919 0.022581
1 0.909918 0.170968 0.009099 0.022581
1 0.905369 0.190323 0.010919 0.032258
1 0.893540 0.215323 0.010919 0.020968
1 0.896724 0.234677 0.015469 0.037097
1 0.940855 0.193548 0.010919 0.022581
1 0.939490 0.204839 0.013649 0.019355
1 0.938126 0.221774 0.014559 0.027419
1 0.939945 0.257258 0.016379 0.040323
1 0.912648 0.363710 0.020018 0.053226