1 0.341053 0.207386 0.016842 0.028409
1 0.532632 0.205492 0.021053 0.039773
1 0.542632 0.224432 0.024211 0.051136
1 0.588947 0.220644 0.020000 0.051136
1 0.625789 0.201705 0.020000 0.043561
1 0.630526 0.225379 0.025263 0.053030
1 0.664737 0.214962 0.020000 0.047348
1 0.680526 0.176136 0.020000 0.045455
1 0.706842 0.195076 0.017895 0.041667
1 0.747368 0.271780 0.023158 0.051136
1 0.823158 0.267992 0.027368 0.054924
1 0.874211 0.279356 0.026316 0.051136
1 0.882105 0.332386 0.040000 0.085227
1 0.920526 0.291667 0.020000 0.049242
1 0.936316 0.285985 0.022105 0.064394