1 0.130435 0.620658 0.029532 0.074954
1 0.075882 0.498172 0.018868 0.056673
1 0.062346 0.417733 0.016407 0.060329
1 0.209188 0.500914 0.021329 0.051188
1 0.212469 0.351920 0.016407 0.056673
1 0.246514 0.300731 0.017227 0.053016
1 0.174323 0.265996 0.015587 0.042048
1 0.182116 0.187386 0.013126 0.042048
1 0.121821 0.210238 0.012305 0.036563
1 0.157916 0.153565 0.010664 0.029250
1 0.050041 0.231261 0.011485 0.031079
1 0.226415 0.147166 0.013126 0.027422
1 0.259639 0.124314 0.012305 0.029250
1 0.294504 0.164534 0.014766 0.032907
1 0.292043 0.203839 0.013126 0.034735
1 0.313372 0.236746 0.014766 0.031079
1 0.359721 0.226691 0.012305 0.036563
1 0.383101 0.172761 0.013126 0.034735
1 0.365053 0.084095 0.009844 0.029250
1 0.396637 0.092322 0.010664 0.027422
1 0.439295 0.091408 0.010664 0.025594
1 0.423708 0.165448 0.012305 0.034735
1 0.456522 0.289762 0.015587 0.045704
1 0.471288 0.132541 0.012305 0.031079
1 0.472929 0.169104 0.013946 0.027422
1 0.487695 0.117002 0.012305 0.029250
1 0.489336 0.074040 0.009024 0.023766
1 0.515587 0.106033 0.010664 0.025594
1 0.484003 0.222121 0.014766 0.042048
1 0.513946 0.172761 0.012305 0.034735
1 0.547580 0.074954 0.010664 0.025594
1 0.580804 0.095064 0.009844 0.021938
1 0.611157 0.130713 0.011485 0.031079
1 0.627974 0.111517 0.012305 0.021938
1 0.579984 0.200183 0.014766 0.034735
1 0.552502 0.305302 0.017227 0.043876
1 0.618950 0.235832 0.015587 0.032907
1 0.661608 0.152651 0.010664 0.027422
1 0.543068 0.480804 0.024610 0.065814
1 0.695242 0.352834 0.015587 0.047532
1 0.722724 0.275137 0.014766 0.038391
1 0.715751 0.211152 0.012305 0.034735
1 0.735439 0.212980 0.012305 0.027422
1 0.787121 0.215722 0.012305 0.029250
1 0.827728 0.241316 0.014766 0.036563
1 0.796965 0.380256 0.020509 0.043876
1 0.864233 0.275137 0.013946 0.031079
1 0.882691 0.301645 0.014766 0.036563
1 0.940525 0.372943 0.013946 0.040219