1 0.186992 0.380610 0.040650 0.075404
1 0.297256 0.217235 0.015244 0.035907
1 0.306402 0.239677 0.017276 0.037702
1 0.323171 0.245063 0.018293 0.041293
1 0.346037 0.249551 0.017276 0.035907
1 0.354167 0.203770 0.017276 0.034111
1 0.342480 0.184022 0.012195 0.023339
1 0.378557 0.201077 0.017276 0.032316
1 0.380081 0.244165 0.018293 0.035907
1 0.413110 0.242370 0.019309 0.035907
1 0.413618 0.192101 0.012195 0.028725
1 0.414126 0.160682 0.011179 0.023339
1 0.440549 0.167864 0.015244 0.034111
1 0.466972 0.171454 0.015244 0.034111
1 0.469004 0.149013 0.015244 0.025135
1 0.487805 0.146320 0.014228 0.026930
1 0.486280 0.171454 0.015244 0.034111
1 0.484756 0.215440 0.014228 0.039497
1 0.451728 0.222621 0.017276 0.028725
1 0.497459 0.133752 0.013211 0.023339
1 0.525407 0.135548 0.014228 0.030521
1 0.505589 0.173250 0.013211 0.026930
1 0.523882 0.171454 0.015244 0.030521
1 0.530996 0.180431 0.015244 0.030521
1 0.493902 0.282765 0.022358 0.048474
1 0.547764 0.281867 0.024390 0.053860
1 0.565041 0.248654 0.022358 0.048474
1 0.595020 0.330341 0.027439 0.053860
1 0.622459 0.245063 0.023374 0.048474
1 0.632622 0.216338 0.019309 0.034111
1 0.623476 0.150808 0.011179 0.025135
1 0.590447 0.175943 0.014228 0.028725
1 0.555894 0.184022 0.014228 0.030521
1 0.553862 0.162478 0.014228 0.026930
1 0.570122 0.153501 0.012195 0.023339
1 0.549797 0.146320 0.012195 0.019749
1 0.556402 0.131059 0.015244 0.025135
1 0.587398 0.122980 0.014228 0.034111
1 0.606707 0.126571 0.014228 0.030521
1 0.624492 0.124776 0.011179 0.026930
1 0.633130 0.111311 0.012195 0.025135
1 0.667175 0.107720 0.011179 0.025135
1 0.659045 0.137343 0.013211 0.023339
1 0.692073 0.122980 0.012195 0.023339
1 0.695630 0.106822 0.009146 0.019749
1 0.719512 0.106822 0.010163 0.019749
1 0.667683 0.181329 0.014228 0.028725
1 0.694106 0.201077 0.020325 0.028725
1 0.704268 0.175045 0.012195 0.023339
1 0.751524 0.138241 0.013211 0.032316
1 0.675813 0.271095 0.022358 0.050269
1 0.699695 0.310592 0.027439 0.053860
1 0.730691 0.299820 0.022358 0.046679
1 0.748984 0.390485 0.028455 0.070018
1 0.783028 0.308797 0.021341 0.053860
1 0.768801 0.232496 0.019309 0.037702
1 0.737297 0.221724 0.019309 0.034111
1 0.758638 0.197487 0.015244 0.032316
1 0.735772 0.194794 0.016260 0.026930
1 0.793699 0.143627 0.012195 0.028725
1 0.800813 0.165171 0.014228 0.035907
1 0.806402 0.215440 0.015244 0.032316
1 0.808435 0.255835 0.019309 0.048474
1 0.856199 0.293537 0.021341 0.052065
1 0.822154 0.414722 0.026423 0.068223
1 0.873984 0.261221 0.018293 0.041293
1 0.882622 0.231598 0.017276 0.039497
1 0.931911 0.219031 0.016260 0.043088
1 0.928354 0.289946 0.019309 0.041293
1 0.927846 0.334829 0.022358 0.055655
1 0.905488 0.413824 0.032520 0.073609