1 0.306070 0.211679 0.027778 0.047445
1 0.326132 0.194343 0.016461 0.038321
1 0.342078 0.196168 0.019547 0.031022
1 0.534465 0.157847 0.017490 0.041971
1 0.565844 0.296533 0.043210 0.093066
1 0.614712 0.236314 0.021605 0.049270
1 0.611111 0.209854 0.018519 0.040146
1 0.681584 0.177920 0.017490 0.041971
1 0.670267 0.218066 0.021605 0.045620
1 0.670267 0.255474 0.025720 0.058394
1 0.726337 0.283759 0.022634 0.060219
1 0.750514 0.281934 0.029835 0.082117
1 0.782407 0.354927 0.050412 0.114964
1 0.716049 0.195255 0.018519 0.036496
1 0.837449 0.269161 0.022634 0.056569