0 0.078125 0.968675 0.108173 0.057831
0 0.080529 0.659036 0.112981 0.118072
0 0.433894 0.624096 0.108173 0.106024
0 0.776442 0.413253 0.048077 0.045783
0 0.423077 0.504819 0.043269 0.040964
0 0.450721 0.393976 0.026442 0.036145
0 0.200721 0.367470 0.031250 0.036145
0 0.009615 0.367470 0.014423 0.045783
0 0.013221 0.245783 0.021635 0.053012
0 0.153846 0.334940 0.028846 0.033735
0 0.183894 0.313253 0.026442 0.033735
0 0.397837 0.271084 0.012019 0.016867
1 0.114183 0.318072 0.026442 0.033735
0 0.199519 0.255422 0.024038 0.028916
0 0.394231 0.071084 0.014423 0.016867
0 0.015625 0.093976 0.026442 0.048193
0 0.185096 0.028916 0.024038 0.028916
0 0.203125 0.086747 0.026442 0.024096