1 0.186080 0.342282 0.044508 0.080537
1 0.300663 0.244128 0.029356 0.055369
1 0.375947 0.214765 0.018939 0.033557
1 0.378314 0.185403 0.017992 0.035235
1 0.421875 0.192953 0.021780 0.040268
1 0.412405 0.224832 0.017992 0.036913
1 0.386837 0.276007 0.027462 0.038591
1 0.440814 0.246644 0.021780 0.033557
1 0.477746 0.230705 0.019886 0.041946
1 0.444602 0.183725 0.016098 0.025168
1 0.474432 0.167785 0.017045 0.033557
1 0.512784 0.200503 0.021780 0.045302
1 0.533144 0.204698 0.020833 0.040268
1 0.563920 0.078020 0.012311 0.025168
1 0.572443 0.138423 0.012311 0.025168
1 0.600379 0.251678 0.020833 0.050336
1 0.627841 0.260067 0.026515 0.053691
1 0.609375 0.312081 0.035038 0.063758
1 0.667140 0.166946 0.019886 0.048658
1 0.701231 0.205537 0.017992 0.038591
1 0.701705 0.172819 0.015152 0.033557
1 0.730587 0.182886 0.016098 0.036913
1 0.741004 0.155201 0.012311 0.028523
1 0.758049 0.174497 0.014205 0.033557
1 0.776042 0.156879 0.014205 0.035235
1 0.792614 0.171980 0.015152 0.031879
1 0.772254 0.197148 0.014205 0.035235
1 0.745265 0.210570 0.017045 0.041946
1 0.789773 0.227349 0.018939 0.041946
1 0.723485 0.291946 0.026515 0.060403
1 0.819602 0.281879 0.021780 0.053691
1 0.866477 0.293624 0.020833 0.057047
1 0.903883 0.294463 0.019886 0.045302
1 0.904356 0.223154 0.017045 0.043624
1 0.929451 0.244128 0.012311 0.041946
1 0.933239 0.224832 0.014205 0.036913