0 0.146635 0.423077 0.067308 0.096154
0 0.201923 0.426683 0.052885 0.074519
0 0.306490 0.426683 0.036058 0.060096
0 0.337740 0.439904 0.045673 0.072115
0 0.389423 0.407452 0.086538 0.093750
0 0.472356 0.421875 0.060096 0.084135
0 0.508413 0.429087 0.026442 0.060096
0 0.552885 0.451923 0.024038 0.028846
0 0.580529 0.433894 0.031250 0.055288
0 0.635817 0.435096 0.050481 0.062500
0 0.741587 0.436298 0.055288 0.069712
0 0.808894 0.438702 0.045673 0.060096
0 0.883413 0.443510 0.050481 0.069712
0 0.951923 0.424279 0.057692 0.074519