1 0.079907 0.414983 0.040187 0.082492
1 0.259813 0.260943 0.014953 0.030303
1 0.280374 0.261785 0.016822 0.035354
1 0.294393 0.260101 0.020561 0.038721
1 0.324299 0.216330 0.016822 0.031987
1 0.346729 0.217172 0.018692 0.030303
1 0.333178 0.250842 0.017757 0.037037
1 0.338318 0.281145 0.022430 0.047138
1 0.371028 0.210438 0.014953 0.030303
1 0.386449 0.194444 0.015888 0.025253
1 0.387850 0.225589 0.020561 0.033670
1 0.408411 0.234848 0.020561 0.038721
1 0.404673 0.287037 0.022430 0.055556
1 0.407009 0.170875 0.015888 0.031987
1 0.424299 0.183502 0.016822 0.026936
1 0.444860 0.187710 0.020561 0.035354
1 0.440187 0.229798 0.018692 0.038721
1 0.464953 0.246633 0.021495 0.035354
1 0.451402 0.147306 0.014953 0.028620
1 0.459813 0.171717 0.014953 0.030303
1 0.479907 0.186027 0.015888 0.031987
1 0.480841 0.161616 0.017757 0.033670
1 0.475234 0.148148 0.015888 0.030303
1 0.486916 0.132997 0.013084 0.023569
1 0.498598 0.148148 0.015888 0.033670
1 0.524299 0.154040 0.016822 0.031987
1 0.534579 0.130471 0.014953 0.028620
1 0.556542 0.112795 0.012150 0.023569
1 0.562617 0.144781 0.020561 0.033670
1 0.541589 0.169192 0.021495 0.035354
1 0.505140 0.202862 0.019626 0.042088
1 0.528037 0.216330 0.022430 0.048822
1 0.583645 0.130471 0.014019 0.031987
1 0.582243 0.158249 0.020561 0.040404
1 0.593925 0.099327 0.014019 0.026936
1 0.610748 0.111111 0.010280 0.026936
1 0.614019 0.145623 0.020561 0.042088
1 0.624299 0.095960 0.009346 0.026936
1 0.638785 0.102694 0.010280 0.030303
1 0.646729 0.108586 0.011215 0.025253
1 0.669626 0.118687 0.012150 0.025253
1 0.691589 0.093434 0.013084 0.031987
1 0.734112 0.118687 0.014019 0.031987
1 0.750935 0.103535 0.012150 0.025253
1 0.780841 0.111111 0.012150 0.030303
1 0.769159 0.126263 0.013084 0.030303
1 0.797664 0.132155 0.012150 0.031987
1 0.810748 0.122896 0.010280 0.026936
1 0.828505 0.132155 0.017757 0.038721
1 0.868692 0.122896 0.014019 0.037037
1 0.891589 0.125421 0.013084 0.031987
1 0.925701 0.150673 0.012150 0.028620
1 0.705140 0.143939 0.014019 0.028620
1 0.683645 0.150673 0.015888 0.031987
1 0.742056 0.140572 0.016822 0.028620
1 0.697664 0.176768 0.015888 0.030303
1 0.657009 0.183502 0.016822 0.040404
1 0.608879 0.202020 0.023364 0.040404
1 0.555607 0.238215 0.023364 0.048822
1 0.482243 0.310606 0.026168 0.052189
1 0.561682 0.292929 0.024299 0.047138
1 0.598598 0.333333 0.027103 0.053872
1 0.677103 0.349327 0.028972 0.058923
1 0.608879 0.269360 0.027103 0.057239
1 0.667757 0.254209 0.028972 0.050505
1 0.800935 0.170034 0.018692 0.047138
1 0.811682 0.161616 0.017757 0.033670
1 0.848131 0.172559 0.015888 0.028620
1 0.866355 0.159091 0.013084 0.028620
1 0.921028 0.191077 0.019626 0.038721
1 0.896262 0.180976 0.020561 0.031987
1 0.882243 0.199495 0.016822 0.031987
1 0.864486 0.225589 0.020561 0.047138
1 0.920561 0.282828 0.024299 0.053872
1 0.755140 0.177609 0.018692 0.028620
1 0.717757 0.168350 0.018692 0.030303
1 0.735981 0.206229 0.021495 0.035354
1 0.757477 0.226431 0.021495 0.058923
1 0.707009 0.219697 0.023364 0.052189
1 0.707477 0.297980 0.031776 0.043771
1 0.778972 0.292088 0.023364 0.055556