1 0.532643 0.399453 0.030255 0.049248
1 0.628583 0.444596 0.034236 0.073871
1 0.599522 0.209302 0.014331 0.032832
1 0.645701 0.205882 0.014331 0.028728
1 0.682325 0.218878 0.015924 0.027360
1 0.587182 0.217510 0.015127 0.024624
1 0.562500 0.225718 0.016720 0.041040
1 0.546576 0.225034 0.015127 0.031464
1 0.625796 0.218878 0.015924 0.035568
1 0.613057 0.216142 0.014331 0.032832
1 0.459793 0.231190 0.016720 0.030096
1 0.423965 0.248290 0.016720 0.028728
1 0.388933 0.264022 0.019904 0.038304
1 0.349522 0.294802 0.022293 0.034200
1 0.530255 0.243502 0.015924 0.035568
1 0.498408 0.259918 0.019108 0.038304
1 0.286624 0.295486 0.017516 0.035568
1 0.228901 0.333105 0.018312 0.034200
1 0.019904 0.416553 0.028662 0.053352
1 0.255573 0.365937 0.022293 0.039672
1 0.284236 0.366621 0.020701 0.041040
1 0.332404 0.342681 0.023089 0.045144
1 0.361465 0.338577 0.020701 0.036936
1 0.380971 0.321477 0.016720 0.038304
1 0.437898 0.266074 0.019108 0.039672
1 0.427548 0.366621 0.022293 0.046512
1 0.397691 0.330369 0.024682 0.042408
1 0.460987 0.296854 0.019108 0.035568
1 0.493232 0.315321 0.024682 0.039672
1 0.454618 0.401505 0.033439 0.047880
1 0.525876 0.345417 0.029459 0.050616
1 0.550557 0.283174 0.015127 0.035568
1 0.568073 0.261970 0.008758 0.028728
1 0.609873 0.261970 0.020701 0.031464
1 0.584793 0.253762 0.023089 0.034200
1 0.661624 0.267442 0.019108 0.045144
1 0.691083 0.249658 0.012739 0.025992
1 0.583997 0.324897 0.019904 0.036936
1 0.623806 0.307114 0.018312 0.034200
1 0.723726 0.243502 0.017516 0.038304
1 0.737261 0.231190 0.019108 0.038304
1 0.757166 0.235978 0.012739 0.028728
1 0.771497 0.240082 0.011146 0.036936
1 0.820462 0.251710 0.011943 0.032832
1 0.848726 0.243502 0.015924 0.030096
1 0.794586 0.263338 0.015924 0.036936
1 0.872611 0.286594 0.017516 0.047880
1 0.709395 0.280438 0.017516 0.027360
1 0.908838 0.274966 0.016720 0.032832
1 0.900876 0.294802 0.019904 0.034200
1 0.797771 0.297538 0.015924 0.031464
1 0.754777 0.281122 0.017516 0.023256
1 0.735271 0.271546 0.018312 0.025992
1 0.584395 0.440492 0.028662 0.068399
1 0.597532 0.356361 0.015127 0.050616
1 0.639331 0.363885 0.027070 0.062927
1 0.673169 0.347469 0.021497 0.046512
1 0.717755 0.400137 0.029459 0.056088
1 0.686306 0.470588 0.030255 0.071135
1 0.766322 0.415869 0.026274 0.049248
1 0.793392 0.359781 0.023089 0.062927
1 0.802150 0.512996 0.034236 0.068399
1 0.826433 0.459644 0.038217 0.054720
1 0.831608 0.329001 0.021497 0.034200
1 0.855096 0.335841 0.028662 0.058824
1 0.840764 0.367989 0.028662 0.054720
1 0.888933 0.451436 0.024682 0.054720
1 0.916003 0.355677 0.019904 0.046512
1 0.399682 0.296854 0.015924 0.032832
1 0.459793 0.265390 0.023089 0.032832
1 0.510350 0.274966 0.017516 0.041040
1 0.509156 0.247606 0.013535 0.021888
1 0.620621 0.245554 0.015127 0.031464
1 0.657245 0.225034 0.013535 0.031464
1 0.833997 0.281122 0.016720 0.042408
1 0.859076 0.305746 0.014331 0.039672
1 0.893710 0.322845 0.018312 0.043776