1 0.170673 0.296875 0.057692 0.074519
1 0.319712 0.325721 0.048077 0.060096
1 0.424279 0.265625 0.069712 0.093750
1 0.560096 0.306490 0.052885 0.069712
1 0.658654 0.332933 0.052885 0.060096
1 0.764423 0.300481 0.062500 0.081731
1 0.909856 0.277644 0.050481 0.079327
1 0.906250 0.070913 0.052885 0.074519
1 0.956731 0.044471 0.048077 0.050481
1 0.953125 0.305288 0.045673 0.048077
1 0.424279 0.081731 0.069712 0.091346
1 0.560096 0.038462 0.052885 0.072115
1 0.661058 0.022837 0.052885 0.040865
1 0.765625 0.044471 0.064904 0.084135
1 0.169471 0.048077 0.055288 0.072115
1 0.322115 0.026442 0.048077 0.048077
1 0.526442 0.314904 0.024038 0.052885
1 0.527644 0.027644 0.021635 0.050481
0 0.063702 0.348558 0.031250 0.033654
0 0.100962 0.320913 0.052885 0.055288
0 0.286058 0.326923 0.028846 0.038462
0 0.100962 0.028846 0.052885 0.052885
0 0.284856 0.021635 0.036058 0.038462