1 0.101992 0.565990 0.041434 0.106599
1 0.235857 0.269882 0.015936 0.042301
1 0.238247 0.292724 0.022311 0.043993
1 0.289243 0.245347 0.017530 0.037225
1 0.320717 0.213198 0.016733 0.033841
1 0.316335 0.248731 0.020717 0.040609
1 0.342231 0.240271 0.016733 0.043993
1 0.364542 0.214890 0.016733 0.037225
1 0.386056 0.192047 0.015139 0.038917
1 0.380876 0.269036 0.020717 0.050761
1 0.418725 0.232657 0.015139 0.038917
1 0.422311 0.182741 0.014343 0.033841
1 0.436255 0.162437 0.013546 0.030457
1 0.443825 0.193739 0.014343 0.038917
1 0.478088 0.148054 0.012749 0.032149
1 0.483267 0.175127 0.018327 0.042301
1 0.502390 0.157360 0.011952 0.033841
1 0.539044 0.163283 0.015139 0.035533
1 0.522311 0.175973 0.018327 0.043993
1 0.508765 0.214044 0.018327 0.035533
1 0.486853 0.258883 0.020717 0.043993
1 0.441434 0.321489 0.022311 0.050761
1 0.564143 0.142132 0.012749 0.027073
1 0.566135 0.168359 0.013546 0.028765
1 0.564940 0.227580 0.015936 0.038917
1 0.588048 0.203046 0.015936 0.033841
1 0.587649 0.142978 0.013546 0.032149
1 0.607171 0.134518 0.012749 0.028765
1 0.614741 0.157360 0.013546 0.027073
1 0.621116 0.184433 0.013546 0.033841
1 0.626295 0.206430 0.015936 0.040609
1 0.619920 0.078680 0.012749 0.032149
1 0.645817 0.132826 0.011952 0.032149
1 0.662151 0.131134 0.014343 0.028765
1 0.661355 0.158206 0.012749 0.028765
1 0.669323 0.183587 0.012749 0.032149
1 0.696016 0.159052 0.013546 0.037225
1 0.701195 0.142978 0.012749 0.032149
1 0.724701 0.159898 0.013546 0.032149
1 0.706773 0.222504 0.017530 0.038917
1 0.664940 0.264805 0.018327 0.042301
1 0.721912 0.283418 0.020717 0.049069
1 0.747809 0.247885 0.016733 0.038917
1 0.767729 0.210660 0.013546 0.032149
1 0.785259 0.190355 0.015139 0.035533
1 0.786454 0.220812 0.014343 0.035533
1 0.817131 0.197970 0.013546 0.033841
1 0.825498 0.226734 0.017530 0.037225
1 0.803586 0.263113 0.016733 0.045685
1 0.764143 0.299492 0.020717 0.040609
1 0.809163 0.317259 0.019920 0.052453
1 0.728685 0.417090 0.024701 0.065990
1 0.801594 0.472927 0.028685 0.079526
1 0.667331 0.415398 0.024701 0.059222
1 0.880478 0.239425 0.012749 0.032149
1 0.910757 0.234349 0.015936 0.038917
1 0.909163 0.265651 0.015936 0.040609
1 0.896414 0.294416 0.017530 0.047377
1 0.873307 0.348562 0.017530 0.043993
1 0.878884 0.398477 0.022311 0.072758
1 0.868127 0.500000 0.029482 0.082910
1 0.956574 0.451777 0.019920 0.064298
1 0.954582 0.384941 0.019124 0.052453
1 0.932271 0.360406 0.014343 0.047377
1 0.939044 0.271574 0.013546 0.035533
1 0.956175 0.252115 0.012749 0.037225
1 0.987251 0.263959 0.011155 0.037225
1 0.979283 0.324027 0.012749 0.042301
1 0.986454 0.311337 0.011155 0.033841
1 0.984462 0.369712 0.015139 0.049069
1 0.624701 0.287648 0.022311 0.054146
1 0.585657 0.340102 0.020717 0.054146
1 0.603586 0.383249 0.024701 0.062606