0 0.484375 0.493990 0.151442 0.223558
0 0.328125 0.477163 0.012019 0.016827
0 0.280048 0.483173 0.012019 0.014423
0 0.254808 0.485577 0.009615 0.014423
0 0.108173 0.478365 0.009615 0.014423
0 0.127404 0.478365 0.009615 0.014423
0 0.145433 0.474760 0.012019 0.016827
0 0.197115 0.477163 0.009615 0.012019
0 0.168269 0.478365 0.009615 0.014423
0 0.183894 0.479567 0.012019 0.016827
0 0.653846 0.490385 0.028846 0.033654
0 0.695913 0.497596 0.021635 0.028846
0 0.858173 0.486779 0.024038 0.026442
0 0.913462 0.492788 0.019231 0.024038
0 0.984375 0.525240 0.031250 0.060096