0 0.512019 0.025240 0.048077 0.045673
1 0.093750 0.417067 0.067308 0.060096
1 0.194712 0.424279 0.048077 0.064904
0 0.283654 0.418269 0.062500 0.081731
0 0.280048 0.336538 0.050481 0.057692
0 0.391827 0.332933 0.043269 0.055288
0 0.399038 0.429087 0.057692 0.079327
0 0.514423 0.320913 0.048077 0.074519
0 0.623798 0.328125 0.055288 0.060096
0 0.727163 0.347356 0.050481 0.060096
0 0.835337 0.346154 0.050481 0.072115
0 0.521635 0.418269 0.052885 0.076923
0 0.655048 0.415865 0.055288 0.076923
0 0.765625 0.417067 0.060096 0.074519
0 0.903846 0.396635 0.072115 0.081731