1 0.073409 0.306922 0.021561 0.045537
1 0.322895 0.234973 0.015400 0.032787
1 0.339836 0.202186 0.016427 0.029144
1 0.355749 0.207650 0.015400 0.029144
1 0.423511 0.204007 0.017454 0.032787
1 0.434805 0.153916 0.013347 0.023679
1 0.428645 0.182149 0.013347 0.021858
1 0.452259 0.165756 0.013347 0.025501
1 0.452772 0.217668 0.016427 0.034608
1 0.485626 0.225865 0.016427 0.036430
1 0.483573 0.183060 0.016427 0.030965
1 0.489733 0.156648 0.012320 0.021858
1 0.497947 0.164845 0.012320 0.023679
1 0.479466 0.138434 0.012320 0.021858
1 0.515400 0.130237 0.012320 0.020036
1 0.513347 0.153916 0.014374 0.027322
1 0.533881 0.167577 0.014374 0.025501
1 0.548255 0.178506 0.016427 0.032787
1 0.545688 0.193078 0.015400 0.025501
1 0.534394 0.133880 0.011294 0.023679
1 0.548255 0.137523 0.012320 0.023679
1 0.570842 0.153916 0.014374 0.027322
1 0.558522 0.144809 0.012320 0.020036
1 0.587269 0.129326 0.014374 0.025501
1 0.604209 0.146630 0.013347 0.023679
1 0.597536 0.168488 0.014374 0.023679
1 0.609856 0.132969 0.010267 0.014572
1 0.614990 0.112933 0.012320 0.025501
1 0.635010 0.125683 0.011294 0.021858
1 0.645277 0.114754 0.011294 0.025501
1 0.662731 0.120219 0.009240 0.018215
1 0.666838 0.132969 0.009240 0.018215
1 0.683778 0.133880 0.012320 0.027322
1 0.693532 0.131148 0.009240 0.018215
1 0.646304 0.154827 0.013347 0.025501
1 0.756160 0.132058 0.013347 0.027322
1 0.765400 0.143898 0.013347 0.025501
1 0.758214 0.161202 0.013347 0.027322
1 0.783881 0.145719 0.013347 0.029144
1 0.713552 0.171220 0.014374 0.029144
1 0.709446 0.204918 0.016427 0.034608
1 0.718172 0.236794 0.021561 0.040073
1 0.744353 0.187614 0.016427 0.032787
1 0.666324 0.193989 0.016427 0.030965
1 0.668378 0.219490 0.016427 0.034608
1 0.677105 0.268670 0.015400 0.034608
1 0.694045 0.325137 0.028747 0.063752
1 0.619610 0.302368 0.023614 0.054645
1 0.590862 0.281421 0.023614 0.049180
1 0.583676 0.253188 0.023614 0.036430
1 0.635010 0.216758 0.021561 0.040073
1 0.529774 0.284153 0.024641 0.043716
1 0.744353 0.368852 0.026694 0.060109
1 0.821869 0.366120 0.029774 0.061931
1 0.912731 0.401639 0.030801 0.060109
1 0.909651 0.376138 0.026694 0.049180
1 0.861396 0.317851 0.022587 0.038251
1 0.874230 0.299636 0.017454 0.027322
1 0.810062 0.295082 0.024641 0.043716
1 0.812628 0.266849 0.017454 0.034608
1 0.838296 0.236794 0.019507 0.040073
1 0.794661 0.225865 0.020534 0.040073
1 0.808522 0.200364 0.017454 0.032787
1 0.798768 0.183971 0.016427 0.029144
1 0.786961 0.194900 0.015400 0.036430
1 0.831622 0.182149 0.016427 0.032787
1 0.844969 0.160291 0.016427 0.025501
1 0.849589 0.203097 0.017454 0.038251
1 0.869610 0.191257 0.014374 0.029144
1 0.882444 0.164845 0.015400 0.027322
1 0.908624 0.178506 0.012320 0.032787
1 0.915298 0.180328 0.011294 0.025501
1 0.936858 0.176685 0.011294 0.029144
1 0.936858 0.202186 0.015400 0.032787
1 0.932238 0.234973 0.018480 0.036430
1 0.930698 0.284153 0.019507 0.047359
1 0.892197 0.239526 0.018480 0.041894
1 0.889117 0.209472 0.016427 0.029144