1 0.128704 0.556999 0.040644 0.077922
1 0.214649 0.351371 0.016088 0.033189
1 0.248518 0.365079 0.017782 0.043290
1 0.274344 0.321789 0.016935 0.028860
1 0.274767 0.388889 0.017782 0.033189
1 0.309060 0.396104 0.020322 0.041847
1 0.339543 0.349928 0.018628 0.030303
1 0.344200 0.304473 0.016088 0.028860
1 0.378916 0.342713 0.016088 0.030303
1 0.400508 0.345599 0.020322 0.038961
1 0.398391 0.308802 0.016088 0.028860
1 0.427604 0.312410 0.015241 0.027417
1 0.386960 0.262626 0.015241 0.023088
1 0.398391 0.284271 0.014395 0.023088
1 0.423793 0.261905 0.014395 0.024531
1 0.447502 0.264791 0.012701 0.027417
1 0.458933 0.250361 0.013548 0.024531
1 0.466977 0.233766 0.014395 0.025974
1 0.444115 0.354978 0.022862 0.040404
1 0.463590 0.323232 0.019475 0.034632
1 0.502540 0.339105 0.019475 0.031746
1 0.458510 0.277778 0.014395 0.024531
1 0.516088 0.282828 0.014395 0.025974
1 0.501693 0.272727 0.014395 0.023088
1 0.553345 0.279221 0.017782 0.030303
1 0.514818 0.248918 0.016935 0.024531
1 0.549111 0.246753 0.014395 0.028860
1 0.566892 0.251804 0.012701 0.027417
1 0.564352 0.222222 0.011008 0.023088
1 0.575360 0.221501 0.012701 0.024531
1 0.612193 0.209235 0.011854 0.023088
1 0.538527 0.368687 0.020322 0.041847
1 0.601609 0.252525 0.014395 0.028860
1 0.627858 0.217172 0.012701 0.021645
1 0.639289 0.225108 0.011854 0.025974
1 0.665961 0.214286 0.012701 0.018759
1 0.682472 0.221501 0.013548 0.021645
1 0.680356 0.230159 0.012701 0.021645
1 0.641829 0.255411 0.015241 0.025974
1 0.708298 0.263348 0.014395 0.027417
1 0.672735 0.279942 0.016088 0.028860
1 0.748518 0.252525 0.015241 0.028860
1 0.753599 0.241703 0.013548 0.018759
1 0.716342 0.302309 0.016935 0.033189
1 0.683743 0.321068 0.021169 0.038961
1 0.670195 0.380952 0.021169 0.043290
1 0.692210 0.367965 0.022862 0.040404
1 0.641406 0.365801 0.022862 0.041847
1 0.607113 0.389610 0.023709 0.043290
1 0.601185 0.341991 0.020322 0.037518
1 0.635478 0.313131 0.016088 0.025974
1 0.725233 0.414141 0.026249 0.046176
1 0.635902 0.488456 0.035563 0.059163
1 0.594835 0.466811 0.027942 0.062049
1 0.710838 0.543290 0.036410 0.073593
1 0.781964 0.440837 0.024555 0.056277
1 0.830229 0.518038 0.026249 0.063492
1 0.859865 0.474747 0.027942 0.051948
1 0.928027 0.481962 0.027096 0.051948
1 0.869179 0.379509 0.022862 0.049062
1 0.822608 0.367244 0.019475 0.047619
1 0.834039 0.351371 0.018628 0.041847
1 0.823455 0.306638 0.012701 0.030303
1 0.865792 0.289322 0.012701 0.033189
1 0.881033 0.344156 0.017782 0.038961
1 0.867485 0.332612 0.019475 0.030303
1 0.906012 0.338384 0.015241 0.041847
1 0.928027 0.347042 0.015241 0.041847
1 0.942422 0.370130 0.018628 0.044733
1 0.948772 0.322511 0.014395 0.027417
1 0.951312 0.304473 0.016088 0.023088
1 0.950889 0.289322 0.013548 0.024531
1 0.909822 0.302309 0.014395 0.027417
1 0.886537 0.256854 0.013548 0.028860
1 0.866638 0.267677 0.012701 0.021645
1 0.850974 0.262626 0.013548 0.028860
1 0.817104 0.247475 0.013548 0.030303
1 0.790008 0.243867 0.013548 0.023088
1 0.775614 0.295815 0.016935 0.031746
1 0.771804 0.270563 0.017782 0.030303