0 0.692308 0.413253 0.052885 0.060241
0 0.635817 0.377108 0.060096 0.069880
0 0.526442 0.390361 0.057692 0.072289
0 0.460337 0.392771 0.031250 0.043373
0 0.419471 0.386747 0.026442 0.031325
0 0.372596 0.401205 0.028846 0.036145
0 0.277644 0.398795 0.055288 0.079518
0 0.179087 0.379518 0.031250 0.045783
0 0.146635 0.395181 0.014423 0.024096
0 0.126202 0.387952 0.007212 0.014458
0 0.102163 0.391566 0.036058 0.045783
0 0.074519 0.386747 0.019231 0.040964
0 0.057692 0.395181 0.014423 0.028916
0 0.012019 0.401205 0.019231 0.026506