0 0.026442 0.525240 0.028846 0.036058
0 0.171875 0.542067 0.031250 0.040865
1 0.245192 0.527644 0.048077 0.050481
1 0.329327 0.532452 0.014423 0.031250
1 0.305288 0.522837 0.043269 0.055288
1 0.415865 0.532452 0.048077 0.050481
1 0.503606 0.540865 0.050481 0.048077
1 0.637019 0.527644 0.048077 0.050481
1 0.691106 0.562500 0.021635 0.033654
0 0.745192 0.519231 0.057692 0.081731
1 0.865385 0.522837 0.043269 0.050481
1 0.908654 0.530048 0.048077 0.060096
0 0.027644 0.966346 0.026442 0.038462
0 0.171875 0.948317 0.036058 0.050481
1 0.243990 0.959135 0.050481 0.062500
1 0.329327 0.960337 0.014423 0.036058
1 0.308894 0.967548 0.045673 0.050481
1 0.414663 0.955529 0.045673 0.055288
1 0.501202 0.947115 0.050481 0.052885
1 0.638221 0.961538 0.050481 0.052885
1 0.686298 0.929087 0.031250 0.036058
1 0.741587 0.986779 0.055288 0.026442
0 0.746394 0.967548 0.060096 0.064904
1 0.865385 0.963942 0.048077 0.052885
1 0.908654 0.956731 0.052885 0.062500