0 0.762019 0.327711 0.100962 0.134940
0 0.525240 0.322892 0.088942 0.125301
1 0.331731 0.350602 0.072115 0.089157
0 0.236779 0.315663 0.098558 0.139759
0 0.578125 0.349398 0.040865 0.057831
0 0.132212 0.321687 0.086538 0.108434
0 0.025240 0.403614 0.026442 0.026506
0 0.945913 0.436145 0.031250 0.043373
0 0.762019 0.054217 0.100962 0.103614
0 0.524038 0.056627 0.086538 0.108434
0 0.578125 0.026506 0.040865 0.048193
1 0.328125 0.032530 0.060096 0.060241
0 0.236779 0.062651 0.098558 0.120482
0 0.132212 0.053012 0.081731 0.101205