0 0.163462 0.467470 0.048077 0.072289
0 0.216346 0.487952 0.033654 0.045783
0 0.310096 0.483133 0.043269 0.069880
0 0.348558 0.468675 0.028846 0.050602
0 0.385817 0.465060 0.036058 0.062651
0 0.460337 0.468675 0.045673 0.074699
0 0.500000 0.471084 0.033654 0.055422
0 0.551683 0.467470 0.016827 0.024096
0 0.579327 0.466265 0.014423 0.026506
0 0.614183 0.445783 0.045673 0.062651
0 0.688702 0.466265 0.031250 0.050602
0 0.772837 0.454217 0.031250 0.040964
0 0.824519 0.469880 0.052885 0.077108
0 0.860577 0.460241 0.028846 0.062651
0 0.911058 0.450602 0.014423 0.019277
0 0.939904 0.459036 0.033654 0.036145