1 0.055908 0.453782 0.035686 0.078431
1 0.230769 0.336835 0.015860 0.037815
1 0.252974 0.364846 0.017446 0.046218
1 0.290642 0.359244 0.019826 0.043417
1 0.286677 0.301120 0.015067 0.039216
1 0.328707 0.352241 0.022998 0.046218
1 0.347343 0.327731 0.019033 0.033613
1 0.349326 0.292017 0.016653 0.037815
1 0.375892 0.330532 0.019033 0.039216
1 0.381840 0.267507 0.016653 0.030812
1 0.403648 0.296218 0.014274 0.035014
1 0.400872 0.268207 0.013481 0.032213
1 0.402855 0.338235 0.022205 0.040616
1 0.425059 0.303922 0.017446 0.036415
1 0.440523 0.340336 0.019826 0.039216
1 0.464711 0.306723 0.017446 0.036415
1 0.423077 0.238796 0.013481 0.029412
1 0.436558 0.261204 0.013481 0.032213
1 0.462331 0.235994 0.012688 0.029412
1 0.465900 0.264706 0.015067 0.036415
1 0.497621 0.264706 0.010309 0.028011
1 0.509516 0.273109 0.016653 0.036415
1 0.492070 0.313725 0.015067 0.033613
1 0.455194 0.407563 0.026963 0.056022
1 0.516257 0.252101 0.014274 0.036415
1 0.534893 0.245798 0.013481 0.029412
1 0.545995 0.226891 0.011895 0.028011
1 0.559477 0.221289 0.013481 0.028011
1 0.561459 0.244398 0.011102 0.026611
1 0.567010 0.256303 0.014274 0.036415
1 0.551150 0.275910 0.015860 0.033613
1 0.584457 0.248599 0.014274 0.029412
1 0.587629 0.222689 0.012688 0.028011
1 0.597542 0.207983 0.013481 0.029412
1 0.610626 0.217787 0.011102 0.032213
1 0.624901 0.227591 0.014274 0.035014
1 0.629659 0.245798 0.015860 0.035014
1 0.646312 0.219888 0.011102 0.028011
1 0.657811 0.227591 0.013481 0.032213
1 0.676447 0.221989 0.014274 0.032213
1 0.683981 0.246499 0.013481 0.033613
1 0.657811 0.264006 0.018239 0.035014
1 0.673672 0.301821 0.018239 0.037815
1 0.620539 0.305322 0.018239 0.036415
1 0.629262 0.343838 0.018239 0.043417
1 0.642347 0.362745 0.025377 0.053221
1 0.674068 0.350840 0.020619 0.049020
1 0.703410 0.410364 0.023791 0.056022
1 0.583664 0.336835 0.023791 0.043417
1 0.582871 0.391457 0.023791 0.057423
1 0.586439 0.427171 0.027756 0.067227
1 0.623711 0.460084 0.034100 0.065826
1 0.694290 0.472689 0.043616 0.065826
1 0.753767 0.440476 0.030928 0.060224
1 0.825139 0.438375 0.029342 0.056022
1 0.807296 0.493697 0.034893 0.063025
1 0.714909 0.254202 0.016653 0.037815
1 0.721253 0.245798 0.013481 0.032213
1 0.738699 0.226190 0.013481 0.032213
1 0.706979 0.283613 0.016653 0.032213
1 0.762094 0.242297 0.012688 0.028011
1 0.773989 0.245098 0.015860 0.036415
1 0.762490 0.287115 0.018239 0.039216
1 0.799762 0.268908 0.016653 0.033613
1 0.819984 0.254202 0.014274 0.032213
1 0.827518 0.280112 0.015067 0.033613
1 0.833466 0.268207 0.012688 0.032213
1 0.850515 0.256303 0.011895 0.030812
1 0.869548 0.276611 0.015067 0.035014
1 0.892546 0.310224 0.015067 0.035014
1 0.907216 0.302521 0.014274 0.033613
1 0.911578 0.281513 0.013481 0.033613
1 0.798176 0.305322 0.019826 0.042017
1 0.817209 0.311625 0.019826 0.040616
1 0.856067 0.308824 0.016653 0.040616
1 0.883029 0.323529 0.018239 0.036415
1 0.913561 0.356443 0.019033 0.043417
1 0.852498 0.353641 0.022205 0.049020
1 0.816019 0.335434 0.022205 0.043417
1 0.837431 0.367647 0.023791 0.054622
1 0.790246 0.357143 0.024584 0.044818
1 0.886201 0.460784 0.026170 0.067227
1 0.531721 0.398459 0.027756 0.049020
1 0.524187 0.350140 0.023791 0.042017