1 0.403846 0.329327 0.072115 0.067308
0 0.478365 0.582933 0.076923 0.088942
0 0.036058 0.576923 0.067308 0.081731
0 0.129808 0.579327 0.076923 0.081731
1 0.169471 0.632212 0.036058 0.057692
0 0.283654 0.582933 0.052885 0.088942
1 0.251202 0.588942 0.021635 0.033654
0 0.319712 0.579327 0.028846 0.072115
1 0.343750 0.597356 0.019231 0.040865
1 0.360577 0.609375 0.019231 0.036058
1 0.587740 0.629808 0.031250 0.038462
0 0.631010 0.646635 0.055288 0.067308
1 0.673077 0.614183 0.033654 0.045673
1 0.750000 0.627404 0.019231 0.038462