0 0.125000 0.152644 0.019231 0.026442
0 0.126202 0.103365 0.021635 0.028846
0 0.240385 0.088942 0.019231 0.028846
0 0.239183 0.168269 0.021635 0.028846
0 0.330529 0.161058 0.021635 0.038462
0 0.331731 0.091346 0.028846 0.033654
0 0.413462 0.094952 0.028846 0.036058
0 0.414663 0.157452 0.026442 0.036058
0 0.413462 0.316106 0.062500 0.074519
0 0.534856 0.073317 0.021635 0.036058
0 0.534856 0.181490 0.026442 0.036058
0 0.753606 0.193510 0.031250 0.026442
0 0.847356 0.157452 0.040865 0.045673
0 0.848558 0.096154 0.038462 0.043269
0 0.754808 0.055288 0.028846 0.033654