1 0.347679 0.208829 0.016441 0.030560
1 0.407157 0.230900 0.021277 0.040747
1 0.432785 0.212224 0.016441 0.030560
1 0.450193 0.217317 0.018375 0.040747
1 0.514023 0.213073 0.018375 0.039049
1 0.525145 0.190153 0.015474 0.033956
1 0.547872 0.191002 0.016441 0.039049
1 0.594778 0.159593 0.017408 0.037351
1 0.632979 0.140068 0.014507 0.028862
1 0.678433 0.183362 0.016441 0.033956
1 0.650870 0.256367 0.021277 0.044143
1 0.720019 0.193548 0.018375 0.040747
1 0.735493 0.296265 0.024178 0.059423
1 0.853482 0.227504 0.016441 0.040747
1 0.859284 0.201188 0.014507 0.032258
1 0.908124 0.224958 0.015474 0.039049
1 0.882012 0.280985 0.017408 0.052632
1 0.859768 0.337012 0.021277 0.059423
1 0.929884 0.268251 0.020309 0.047538
1 0.965667 0.243633 0.016441 0.028862