1 0.232569 0.376812 0.052294 0.093398
1 0.546789 0.301127 0.025688 0.064412
1 0.558257 0.190016 0.015596 0.038647
1 0.634404 0.197262 0.017431 0.040258
1 0.678899 0.208535 0.020183 0.040258
1 0.672936 0.195652 0.013761 0.030596
1 0.715596 0.205314 0.016514 0.033816
1 0.673853 0.252818 0.022936 0.048309
1 0.676606 0.309984 0.026606 0.066023
1 0.733486 0.268921 0.021101 0.045089
1 0.748165 0.212560 0.017431 0.035427
1 0.773394 0.239936 0.020183 0.048309
1 0.835321 0.368760 0.026606 0.067633
1 0.904128 0.417069 0.028440 0.074074