1 0.036058 0.544578 0.043269 0.043373
1 0.402644 0.598795 0.021635 0.026506
1 0.429087 0.539759 0.016827 0.019277
1 0.473558 0.540964 0.014423 0.021687
1 0.522837 0.545783 0.016827 0.016867
1 0.576923 0.544578 0.019231 0.024096
0 0.191106 0.571084 0.050481 0.062651
0 0.384615 0.539759 0.024038 0.028916
0 0.441106 0.563855 0.026442 0.024096
0 0.491587 0.540964 0.021635 0.031325
0 0.556490 0.557831 0.021635 0.031325
0 0.621394 0.542169 0.021635 0.028916
0 0.647837 0.538554 0.031250 0.036145
0 0.698317 0.534940 0.016827 0.028916
0 0.735577 0.537349 0.024038 0.038554
0 0.769231 0.539759 0.038462 0.043373
0 0.819712 0.531325 0.024038 0.026506
0 0.842548 0.538554 0.016827 0.021687
0 0.881010 0.536145 0.031250 0.036145
0 0.924279 0.530120 0.036058 0.038554
0 0.990385 0.531325 0.019231 0.026506