0 0.158654 0.490385 0.043269 0.052885
0 0.212740 0.478365 0.045673 0.048077
0 0.280048 0.502404 0.036058 0.062500
0 0.245192 0.427885 0.033654 0.048077
0 0.355769 0.378606 0.038462 0.060096
0 0.382212 0.501202 0.043269 0.060096
0 0.467548 0.493990 0.036058 0.060096
0 0.460337 0.359375 0.036058 0.055288
0 0.524038 0.236779 0.028846 0.045673
0 0.515625 0.483173 0.040865 0.062500
0 0.580529 0.491587 0.036058 0.060096
0 0.645433 0.477163 0.045673 0.060096
0 0.614183 0.354567 0.040865 0.060096
0 0.717548 0.372596 0.040865 0.062500
0 0.740385 0.510817 0.048077 0.055288
0 0.807692 0.507212 0.043269 0.057692