0 0.850962 0.307229 0.110577 0.137349
0 0.757212 0.307229 0.057692 0.069880
0 0.849760 0.132530 0.108173 0.139759
0 0.758413 0.126506 0.060096 0.074699
0 0.485577 0.025301 0.052885 0.045783
0 0.344952 0.160241 0.098558 0.103614
0 0.222356 0.149398 0.055288 0.081928
0 0.185096 0.146988 0.072115 0.086747
0 0.088942 0.145783 0.043269 0.055422
0 0.090144 0.296386 0.050481 0.048193
0 0.182692 0.293976 0.067308 0.086747
0 0.225962 0.284337 0.062500 0.077108
0 0.342548 0.278313 0.093750 0.098795
0 0.484375 0.412048 0.050481 0.048193
0 0.450721 0.600000 0.069712 0.077108
0 0.453125 0.962651 0.064904 0.074699