1 0.127324 0.553914 0.036378 0.070901
1 0.221908 0.358936 0.015360 0.029542
1 0.251819 0.387001 0.020210 0.044313
1 0.280922 0.336041 0.016977 0.033973
1 0.284964 0.384786 0.016977 0.039882
1 0.328213 0.387740 0.022635 0.042836
1 0.349232 0.348597 0.014551 0.032496
1 0.352466 0.307238 0.016168 0.032496
1 0.386823 0.279173 0.013743 0.029542
1 0.409054 0.294682 0.012935 0.031019
1 0.419563 0.278434 0.011318 0.025111
1 0.440582 0.279173 0.012935 0.026588
1 0.451900 0.289513 0.017785 0.032496
1 0.457963 0.256278 0.013743 0.028065
1 0.545271 0.236337 0.012126 0.023634
1 0.562247 0.233383 0.013743 0.020679
1 0.591754 0.237814 0.009701 0.023634
1 0.600647 0.223781 0.014551 0.025111
1 0.620453 0.220827 0.013743 0.028065
1 0.660469 0.223781 0.012935 0.022157
1 0.625303 0.242984 0.015360 0.025111
1 0.589733 0.265879 0.012126 0.029542
1 0.607922 0.280650 0.014551 0.020679
1 0.568310 0.282866 0.016168 0.033973
1 0.536783 0.270310 0.016168 0.029542
1 0.513743 0.268833 0.013743 0.029542
1 0.518593 0.296898 0.016977 0.032496
1 0.546888 0.299852 0.015360 0.032496
1 0.459984 0.336780 0.019402 0.032496
1 0.491108 0.347120 0.020210 0.035451
1 0.425627 0.329394 0.020210 0.026588
1 0.438157 0.361891 0.024252 0.035451
1 0.405416 0.350812 0.020210 0.033973
1 0.400566 0.320532 0.018593 0.026588
1 0.375101 0.371492 0.021019 0.039882
1 0.470089 0.432792 0.025061 0.053176
1 0.531124 0.381093 0.021019 0.047267
1 0.510105 0.478582 0.029103 0.050222
1 0.576799 0.469719 0.028294 0.062038
1 0.625707 0.485968 0.029103 0.062038
1 0.610348 0.397341 0.021019 0.047267
1 0.591754 0.346381 0.019402 0.039882
1 0.624899 0.319793 0.016168 0.028065
1 0.659256 0.296898 0.015360 0.026588
1 0.694018 0.271787 0.016977 0.035451
1 0.679871 0.237075 0.014551 0.022157
1 0.662086 0.245938 0.014551 0.025111
1 0.724333 0.259232 0.014551 0.033973
1 0.732821 0.277696 0.015360 0.032496
1 0.751011 0.271787 0.014551 0.026588
1 0.768795 0.257016 0.014551 0.029542
1 0.776071 0.271049 0.012935 0.025111
1 0.764753 0.297637 0.014551 0.042836
1 0.685530 0.319793 0.021019 0.039882
1 0.797898 0.263663 0.016168 0.036928
1 0.830639 0.273264 0.013743 0.035451
1 0.845998 0.289513 0.020210 0.041359
1 0.867825 0.273264 0.015360 0.035451
1 0.881164 0.289513 0.014551 0.029542
1 0.924818 0.306499 0.014551 0.033973
1 0.919563 0.330871 0.016977 0.029542
1 0.900970 0.344165 0.018593 0.041359
1 0.880356 0.341211 0.014551 0.035451
1 0.854891 0.357459 0.015360 0.044313
1 0.837106 0.349335 0.020210 0.048744
1 0.808407 0.349335 0.019402 0.036928
1 0.806386 0.316100 0.020210 0.032496
1 0.799515 0.381832 0.022635 0.048744
1 0.844786 0.413589 0.030719 0.062038
1 0.911884 0.392171 0.021019 0.054653
1 0.898545 0.474151 0.031528 0.064993
1 0.770816 0.451256 0.026677 0.060561
1 0.715036 0.428360 0.031528 0.059084
1 0.681083 0.381093 0.020210 0.044313
1 0.648747 0.393648 0.028294 0.057607
1 0.638238 0.366322 0.021827 0.044313
1 0.687551 0.570162 0.033145 0.064993
1 0.807599 0.530281 0.027486 0.076809
1 0.833468 0.489660 0.027486 0.057607