1 0.407452 0.572289 0.026442 0.026506
1 0.628606 0.510843 0.036058 0.038554
0 0.774038 0.489157 0.038462 0.038554
0 0.882212 0.472289 0.028846 0.033735
0 0.812500 0.619277 0.043269 0.048193
0 0.561298 0.530120 0.040865 0.043373
0 0.460337 0.536145 0.040865 0.045783
0 0.367788 0.574699 0.033654 0.036145
0 0.235577 0.550602 0.024038 0.036145
0 0.125000 0.603614 0.038462 0.045783
0 0.175481 0.573494 0.033654 0.033735
0 0.068510 0.550602 0.036058 0.031325
0 0.014423 0.549398 0.024038 0.033735
0 0.150240 0.540964 0.026442 0.031325
0 0.526442 0.526506 0.028846 0.040964
0 0.691106 0.513253 0.036058 0.043373