1 0.948317 0.298077 0.093750 0.100962
1 0.868990 0.370192 0.098558 0.115385
1 0.951923 0.044471 0.096154 0.084135
1 0.426683 0.580529 0.084135 0.108173
0 0.623798 0.352163 0.084135 0.103365
0 0.467548 0.299279 0.064904 0.084135
0 0.512019 0.245192 0.057692 0.081731
0 0.581731 0.290865 0.081731 0.096154
0 0.411058 0.263221 0.048077 0.069712
0 0.307692 0.254808 0.110577 0.115385
0 0.194712 0.264423 0.096154 0.120192
0 0.038462 0.212740 0.052885 0.060096
0 0.192308 0.076923 0.100962 0.110577
0 0.302885 0.085337 0.105769 0.122596
0 0.413462 0.080529 0.048077 0.074519
0 0.472356 0.045673 0.069712 0.086538
0 0.519231 0.094952 0.062500 0.084135
0 0.579327 0.051683 0.062500 0.093750
0 0.039663 0.121394 0.050481 0.060096