1 0.412130 0.249147 0.031519 0.064846
1 0.272684 0.223549 0.014327 0.030717
1 0.359599 0.228669 0.018147 0.040956
1 0.371060 0.192833 0.014327 0.037543
1 0.393028 0.192833 0.014327 0.034130
1 0.393028 0.169795 0.012416 0.029010
1 0.422159 0.163823 0.011461 0.027304
1 0.426934 0.153584 0.011461 0.027304
1 0.442693 0.171502 0.014327 0.032423
1 0.413085 0.213311 0.016237 0.040956
1 0.428367 0.221843 0.016237 0.040956
1 0.446514 0.257679 0.021968 0.044369
1 0.456543 0.212457 0.019102 0.042662
1 0.499522 0.217577 0.022923 0.049488
1 0.486151 0.184300 0.019102 0.037543
1 0.488061 0.155290 0.013372 0.034130
1 0.477077 0.139078 0.012416 0.029010
1 0.494747 0.144198 0.013372 0.025597
1 0.511939 0.149317 0.017192 0.029010
1 0.520057 0.133959 0.012416 0.025597
1 0.534384 0.143345 0.012416 0.027304
1 0.539637 0.139932 0.011461 0.023891
1 0.536772 0.168942 0.015282 0.034130
1 0.526266 0.180887 0.017192 0.040956
1 0.541070 0.205631 0.023878 0.049488
1 0.569245 0.139932 0.015282 0.023891
1 0.581662 0.126280 0.013372 0.023891
1 0.598854 0.136519 0.015282 0.034130
1 0.607450 0.118601 0.011461 0.029010
1 0.617956 0.115188 0.011461 0.029010
1 0.628462 0.115188 0.011461 0.029010
1 0.636103 0.127133 0.013372 0.029010
1 0.621777 0.145904 0.019102 0.032423
1 0.580229 0.177474 0.018147 0.037543
1 0.576409 0.250000 0.023878 0.052901
1 0.568768 0.288396 0.029608 0.058020
1 0.631805 0.250000 0.023878 0.049488
1 0.642311 0.199659 0.020057 0.040956
1 0.656638 0.144198 0.014327 0.029010
1 0.659981 0.127986 0.015282 0.023891
1 0.656638 0.116041 0.012416 0.023891
1 0.688157 0.106655 0.014327 0.029010
1 0.687679 0.125427 0.011461 0.029010
1 0.710602 0.120307 0.015282 0.032423
1 0.699618 0.183447 0.016237 0.039249
1 0.658548 0.186860 0.016237 0.042662
1 0.674308 0.221843 0.022923 0.040956
1 0.690544 0.260239 0.021012 0.046075
1 0.728749 0.300341 0.028653 0.054608
1 0.725406 0.236348 0.021968 0.046075
1 0.748329 0.210751 0.018147 0.046075
1 0.741643 0.146758 0.016237 0.034130
1 0.751671 0.177474 0.017192 0.030717
1 0.752149 0.147611 0.014327 0.029010
1 0.762178 0.136519 0.013372 0.034130
1 0.784623 0.148464 0.014327 0.034130
1 0.800860 0.131399 0.014327 0.034130
1 0.822827 0.140785 0.012416 0.029010
1 0.856734 0.154437 0.013372 0.029010
1 0.877746 0.155290 0.011461 0.030717
1 0.914040 0.159556 0.013372 0.029010
1 0.933142 0.176621 0.011461 0.035836
1 0.948424 0.175768 0.013372 0.030717
1 0.947947 0.216724 0.012416 0.037543
1 0.934575 0.232935 0.018147 0.042662
1 0.925501 0.246587 0.017192 0.046075
1 0.928367 0.286689 0.021012 0.058020
1 0.919771 0.337884 0.028653 0.064846
1 0.845750 0.323379 0.025788 0.056314
1 0.860076 0.280717 0.023878 0.049488
1 0.839542 0.231229 0.017192 0.042662
1 0.843362 0.206485 0.017192 0.034130
1 0.854346 0.187713 0.016237 0.034130
1 0.875358 0.185154 0.016237 0.029010
1 0.891595 0.230375 0.021968 0.037543
1 0.835721 0.160410 0.015282 0.034130
1 0.812798 0.156143 0.015282 0.032423
1 0.799427 0.166382 0.015282 0.032423
1 0.832856 0.190273 0.017192 0.032423
1 0.785100 0.216724 0.021012 0.040956
1 0.769341 0.250000 0.021968 0.046075
1 0.795606 0.302048 0.028653 0.061433