1 0.065341 0.433134 0.046591 0.079840
1 0.098864 0.427146 0.045455 0.095808
1 0.161364 0.315369 0.027273 0.055888
1 0.318750 0.222555 0.019318 0.033932
1 0.334091 0.234531 0.022727 0.045908
1 0.351705 0.229541 0.023864 0.047904
1 0.388636 0.202595 0.022727 0.037924
1 0.629545 0.063872 0.013636 0.027944
1 0.571591 0.133733 0.022727 0.039920
1 0.627841 0.132735 0.019318 0.041916
1 0.675000 0.101796 0.018182 0.039920
1 0.513068 0.283433 0.023864 0.043912
1 0.540909 0.297405 0.029545 0.051896
1 0.551136 0.357285 0.036364 0.079840
1 0.589773 0.360279 0.045455 0.081836
1 0.611364 0.310379 0.029545 0.065868
1 0.617614 0.193613 0.017045 0.039920
1 0.646023 0.191617 0.014773 0.031936
1 0.672727 0.257485 0.020455 0.047904
1 0.703977 0.185629 0.019318 0.039920
1 0.713068 0.082834 0.014773 0.033932