1 0.166501 0.400524 0.053518 0.095986
1 0.290387 0.167539 0.015857 0.038394
1 0.307235 0.198953 0.019822 0.045375
1 0.337463 0.234729 0.022795 0.040140
1 0.407830 0.239965 0.022795 0.050611
1 0.427156 0.152705 0.011893 0.029668
1 0.448959 0.151832 0.013875 0.031414
1 0.469277 0.162304 0.016848 0.031414
1 0.487611 0.181501 0.015857 0.038394
1 0.496531 0.159686 0.015857 0.036649
1 0.513380 0.193717 0.019822 0.038394
1 0.560456 0.191972 0.020813 0.038394
1 0.898910 0.196335 0.013875 0.033159
1 0.939544 0.204188 0.013875 0.034904
1 0.934589 0.247818 0.017839 0.048866
1 0.892468 0.226003 0.018831 0.040140