1 0.020468 0.419424 0.022556 0.047482
1 0.242690 0.340288 0.014202 0.033094
1 0.273183 0.346763 0.018379 0.040288
1 0.298246 0.304317 0.015038 0.030216
1 0.300334 0.365468 0.020886 0.040288
1 0.352548 0.366187 0.020050 0.041727
1 0.370092 0.290647 0.015038 0.028777
1 0.385965 0.324460 0.015038 0.030216
1 0.391813 0.348921 0.015038 0.030216
1 0.402256 0.258993 0.014202 0.025899
1 0.415622 0.276259 0.014202 0.025899
1 0.422723 0.295683 0.015038 0.030216
1 0.426065 0.340288 0.020050 0.035971
1 0.444862 0.283453 0.012531 0.023022
1 0.439850 0.263309 0.010860 0.017266
1 0.458647 0.305755 0.020050 0.030216
1 0.460317 0.341007 0.021721 0.034532
1 0.473684 0.242446 0.013367 0.024460
1 0.484545 0.235971 0.011696 0.017266
1 0.496241 0.300719 0.015038 0.025899
1 0.514620 0.265468 0.013367 0.027338
1 0.535505 0.248201 0.013367 0.018705
1 0.530911 0.280576 0.014202 0.023022
1 0.572682 0.286331 0.017544 0.028777
1 0.549290 0.266906 0.014202 0.021583
1 0.581036 0.257554 0.015873 0.025899
1 0.589808 0.238849 0.013367 0.023022
1 0.586884 0.222302 0.012531 0.018705
1 0.568922 0.225180 0.011696 0.021583
1 0.621972 0.220863 0.012531 0.024460
1 0.629908 0.202878 0.011696 0.020144
1 0.644946 0.217266 0.013367 0.020144
1 0.675021 0.219424 0.011696 0.021583
1 0.689223 0.225899 0.011696 0.028777
1 0.703008 0.226619 0.012531 0.024460
1 0.692565 0.265468 0.016708 0.035971
1 0.662490 0.245324 0.015038 0.027338
1 0.624060 0.253237 0.013367 0.025899
1 0.618630 0.328777 0.025898 0.038849
1 0.518797 0.391367 0.025063 0.048921
1 0.557226 0.400719 0.023392 0.047482
1 0.553467 0.371942 0.022556 0.041727
1 0.535505 0.322302 0.016708 0.028777
1 0.628237 0.433094 0.025063 0.048921
1 0.623225 0.379856 0.030075 0.040288
1 0.680451 0.368345 0.024227 0.046043
1 0.668755 0.335971 0.020886 0.030216
1 0.653300 0.310791 0.018379 0.025899
1 0.688805 0.448921 0.032581 0.063309
1 0.720551 0.488489 0.039265 0.070504
1 0.751044 0.394245 0.021721 0.046043
1 0.706767 0.343885 0.018379 0.037410
1 0.808271 0.403597 0.025898 0.047482
1 0.721387 0.262590 0.012531 0.027338
1 0.736842 0.276978 0.016708 0.033094
1 0.756057 0.248201 0.013367 0.027338
1 0.762740 0.223022 0.013367 0.025899
1 0.766082 0.271223 0.011696 0.027338
1 0.786967 0.282014 0.013367 0.040288
1 0.794486 0.261151 0.015038 0.030216
1 0.801170 0.230216 0.013367 0.028777
1 0.829992 0.246043 0.012531 0.028777
1 0.837093 0.303597 0.015038 0.034532
1 0.829156 0.341007 0.015873 0.031655
1 0.829574 0.376259 0.018379 0.035971
1 0.855472 0.507914 0.030075 0.063309
1 0.864244 0.458993 0.024227 0.048921
1 0.927318 0.463309 0.026734 0.057554
1 0.878864 0.415827 0.018379 0.034532
1 0.940267 0.396403 0.020886 0.044604
1 0.884712 0.348201 0.020050 0.040288
1 0.894319 0.315108 0.015873 0.031655
1 0.949039 0.356835 0.018379 0.031655
1 0.942356 0.310072 0.013367 0.024460
1 0.954887 0.300719 0.010025 0.025899
1 0.957811 0.282014 0.010860 0.023022
1 0.911863 0.287770 0.014202 0.031655
1 0.875522 0.284892 0.013367 0.031655
1 0.881370 0.262590 0.011696 0.024460
1 0.895155 0.248201 0.012531 0.024460
1 0.862155 0.257554 0.011696 0.025899