1 0.278846 0.335337 0.076923 0.074519
1 0.259615 0.692308 0.096154 0.110577
1 0.951923 0.201923 0.091346 0.144231
1 0.949519 0.068510 0.100962 0.117788
1 0.901442 0.191106 0.062500 0.103365
1 0.899038 0.079327 0.072115 0.105769
0 0.887019 0.257212 0.072115 0.100962
0 0.670673 0.225962 0.048077 0.072115
0 0.663462 0.054087 0.052885 0.064904
0 0.548077 0.413462 0.120192 0.134615
0 0.433894 0.331731 0.103365 0.134615
0 0.377404 0.592548 0.120192 0.127404
0 0.117788 0.241587 0.163462 0.209135
0 0.122596 0.069712 0.163462 0.134615