1 0.351456 0.239243 0.017476 0.034423
1 0.390777 0.268503 0.020388 0.041308
1 0.461165 0.220310 0.021359 0.041308
1 0.421359 0.160069 0.017476 0.030981
1 0.488350 0.309811 0.031068 0.058520
1 0.545146 0.327883 0.030097 0.063683
1 0.587379 0.386403 0.033010 0.056799
1 0.627670 0.245267 0.022330 0.043029
1 0.640291 0.222031 0.024272 0.051635
1 0.776214 0.290017 0.028155 0.056799
1 0.844175 0.315835 0.028155 0.067126
1 0.928641 0.157487 0.014563 0.029260
1 0.900971 0.148021 0.015534 0.027539
1 0.555340 0.126506 0.013592 0.029260
1 0.567476 0.131670 0.014563 0.029260
1 0.594175 0.115318 0.015534 0.030981