1 0.176442 0.494898 0.045943 0.095238
1 0.258065 0.180272 0.015640 0.030612
1 0.391984 0.268707 0.023460 0.037415
1 0.365591 0.196429 0.017595 0.032313
1 0.378788 0.216837 0.020528 0.032313
1 0.410068 0.225340 0.022483 0.032313
1 0.442326 0.219388 0.020528 0.037415
1 0.419844 0.161565 0.014663 0.027211
1 0.510753 0.128401 0.012708 0.025510
1 0.527370 0.130102 0.014663 0.028912
1 0.554741 0.130952 0.014663 0.027211
1 0.565494 0.109694 0.012708 0.028912
1 0.585533 0.121599 0.013685 0.028912
1 0.616325 0.152211 0.018573 0.039116
1 0.516618 0.150510 0.026393 0.042517
1 0.564027 0.192177 0.023460 0.047619
1 0.668622 0.123299 0.021505 0.042517
1 0.659335 0.222789 0.024438 0.044218
1 0.616325 0.256803 0.026393 0.044218
1 0.542522 0.326531 0.029326 0.057823
1 0.490225 0.312075 0.028348 0.052721
1 0.680841 0.322279 0.026393 0.062925
1 0.717986 0.286565 0.026393 0.049320
1 0.732649 0.115646 0.022483 0.044218
1 0.760997 0.219388 0.020528 0.047619
1 0.783969 0.123299 0.021505 0.045918
1 0.804985 0.129252 0.018573 0.030612
1 0.836266 0.141156 0.014663 0.023810
1 0.843109 0.125850 0.012708 0.030612
1 0.872434 0.120748 0.014663 0.027211
1 0.864125 0.140306 0.013685 0.028912
1 0.917400 0.151361 0.016618 0.034014
1 0.932551 0.158163 0.011730 0.030612
1 0.907136 0.244048 0.043011 0.090136
1 0.817693 0.256803 0.024438 0.047619
1 0.822581 0.298469 0.028348 0.056122
1 0.815738 0.352041 0.036168 0.068027
1 0.725806 0.348639 0.032258 0.081633
1 0.777126 0.287415 0.029326 0.061224