1 0.048130 0.226804 0.015115 0.037801
1 0.036993 0.244845 0.018298 0.042955
1 0.076770 0.426976 0.023071 0.060137
1 0.083134 0.491409 0.018298 0.058419
1 0.134447 0.604811 0.033413 0.072165
1 0.205648 0.451890 0.026253 0.054983
1 0.241846 0.371993 0.025457 0.046392
1 0.246619 0.304124 0.022275 0.048110
1 0.173031 0.267182 0.016706 0.039519
1 0.187351 0.208763 0.019889 0.036082
1 0.122912 0.225086 0.018298 0.048110
1 0.147971 0.162371 0.014320 0.036082
1 0.166269 0.191581 0.015911 0.029210
1 0.215593 0.134880 0.014320 0.025773
1 0.225935 0.151203 0.012729 0.024055
1 0.246619 0.132302 0.012729 0.030928
1 0.300318 0.164089 0.015115 0.032646
1 0.290374 0.204467 0.015911 0.041237
1 0.310263 0.219072 0.014320 0.042955
1 0.350438 0.213918 0.018298 0.039519
1 0.379475 0.188144 0.017502 0.032646
1 0.361575 0.097938 0.013524 0.030928
1 0.402546 0.099656 0.014320 0.034364
1 0.416866 0.095361 0.011138 0.029210
1 0.453461 0.134880 0.012729 0.036082
1 0.466189 0.126289 0.012729 0.039519
1 0.414081 0.170962 0.016706 0.039519
1 0.465394 0.167526 0.015911 0.029210
1 0.504375 0.183849 0.014320 0.030928
1 0.475338 0.218213 0.015115 0.048110
1 0.466189 0.278351 0.020684 0.041237
1 0.537391 0.303265 0.019889 0.046392
1 0.551313 0.481100 0.030231 0.058419
1 0.648767 0.335911 0.018298 0.049828
1 0.610979 0.244845 0.017502 0.036082
1 0.573986 0.208763 0.015115 0.039519
1 0.550915 0.179553 0.015115 0.036082
1 0.477725 0.080756 0.010342 0.024055
1 0.494431 0.113402 0.011933 0.027491
1 0.529435 0.081615 0.011933 0.025773
1 0.565632 0.138316 0.012729 0.029210
1 0.574781 0.107388 0.011933 0.025773
1 0.591488 0.143471 0.011933 0.025773
1 0.614558 0.119416 0.013524 0.025773
1 0.643198 0.153780 0.013524 0.029210
1 0.699284 0.207045 0.014320 0.039519
1 0.719968 0.222509 0.012729 0.032646
1 0.696897 0.252577 0.019093 0.048110
1 0.770485 0.213058 0.015115 0.030928
1 0.807080 0.242268 0.016706 0.037801
1 0.843278 0.278351 0.012729 0.037801
1 0.863166 0.314433 0.017502 0.041237
1 0.779634 0.372852 0.019093 0.054983
1 0.917661 0.365979 0.016706 0.044674