0 0.210337 0.382212 0.084135 0.110577
0 0.305288 0.411058 0.072115 0.076923
0 0.407452 0.402644 0.064904 0.074519
0 0.478365 0.409856 0.038462 0.069712
0 0.550481 0.413462 0.043269 0.057692
0 0.730769 0.412260 0.081731 0.108173
0 0.727163 0.044471 0.084135 0.084135
0 0.545673 0.028846 0.043269 0.052885
0 0.475962 0.031250 0.052885 0.057692
0 0.411058 0.037260 0.057692 0.069712
0 0.306490 0.037260 0.069712 0.069712
0 0.209135 0.055288 0.091346 0.105769
0 0.026442 0.028846 0.048077 0.052885
0 0.025240 0.413462 0.045673 0.052885