1 0.170957 0.484572 0.044248 0.065919
1 0.294047 0.265778 0.021722 0.040673
1 0.309735 0.223703 0.016090 0.026648
1 0.335479 0.226508 0.019308 0.029453
1 0.360821 0.216690 0.016895 0.026648
1 0.370877 0.246844 0.017699 0.033661
1 0.326227 0.268583 0.021722 0.035063
1 0.397426 0.251052 0.022526 0.036466
1 0.393805 0.283310 0.026549 0.050491
1 0.385760 0.221599 0.016895 0.030856
1 0.403057 0.220196 0.017699 0.039271
1 0.413918 0.195652 0.016895 0.037868
1 0.440064 0.166900 0.012872 0.030856
1 0.450523 0.173913 0.014481 0.025245
1 0.458970 0.140252 0.013677 0.030856
1 0.477474 0.144460 0.012068 0.025245
1 0.486323 0.140252 0.013677 0.030856
1 0.514883 0.132539 0.012872 0.026648
1 0.532985 0.129032 0.012068 0.025245
1 0.570394 0.112903 0.012872 0.026648
1 0.594529 0.107994 0.016090 0.028050
1 0.567176 0.134642 0.016090 0.036466
1 0.524135 0.157784 0.016895 0.029453
1 0.537812 0.177419 0.024940 0.029453
1 0.509654 0.188640 0.021722 0.037868
1 0.449316 0.215989 0.023331 0.039271
1 0.474658 0.244741 0.027353 0.040673
1 0.588898 0.162693 0.020917 0.036466
1 0.613033 0.140954 0.017699 0.037868
1 0.620274 0.107293 0.011263 0.021038
1 0.627514 0.091865 0.012872 0.021038
1 0.646018 0.097475 0.014481 0.021038
1 0.649638 0.129032 0.018504 0.022440
1 0.673773 0.095372 0.013677 0.019635
1 0.677796 0.121318 0.016895 0.035063
1 0.695897 0.100982 0.012872 0.016830
1 0.755430 0.109397 0.016090 0.028050
1 0.796460 0.107293 0.011263 0.026648
1 0.818182 0.119215 0.012872 0.030856
1 0.842719 0.129734 0.013677 0.029453
1 0.848753 0.122721 0.011263 0.026648
1 0.880129 0.131837 0.012872 0.028050
1 0.873290 0.147265 0.013677 0.033661
1 0.862027 0.157083 0.018504 0.039271
1 0.826227 0.160589 0.017699 0.035063
1 0.786404 0.152875 0.015286 0.039271
1 0.806919 0.178822 0.017699 0.035063
1 0.728479 0.130435 0.016895 0.030856
1 0.747385 0.143058 0.017699 0.033661
1 0.735720 0.175316 0.020113 0.033661
1 0.693484 0.157083 0.017699 0.025245
1 0.693484 0.186536 0.017699 0.039271
1 0.707562 0.216690 0.021722 0.049088
1 0.675784 0.221599 0.020917 0.033661
1 0.667337 0.260168 0.024940 0.043478
1 0.626307 0.206171 0.018504 0.044881
1 0.613837 0.244039 0.025744 0.047686
1 0.569187 0.248247 0.024940 0.039271
1 0.539421 0.297335 0.031376 0.056101
1 0.614240 0.323983 0.031376 0.053296
1 0.756637 0.226508 0.024940 0.057504
1 0.783990 0.199860 0.015286 0.037868
1 0.773934 0.286816 0.027353 0.051893
1 0.824618 0.253156 0.020917 0.043478
1 0.840708 0.211781 0.017699 0.030856
1 0.914320 0.136045 0.013677 0.028050
1 0.907482 0.150070 0.016090 0.033661
1 0.940064 0.154278 0.015286 0.028050
1 0.899035 0.181627 0.016895 0.032258
1 0.880531 0.213885 0.015286 0.035063
1 0.929204 0.229313 0.019308 0.043478
1 0.940869 0.203366 0.016895 0.033661
1 0.893805 0.251753 0.024135 0.040673
1 0.858407 0.287518 0.027353 0.044881
1 0.913918 0.328892 0.024135 0.054698
1 0.818584 0.358345 0.036203 0.065919
1 0.885760 0.414446 0.037007 0.071529