1 0.052885 0.490385 0.052885 0.072115
1 0.200721 0.484375 0.079327 0.108173
1 0.264423 0.510817 0.048077 0.064904
1 0.343750 0.496394 0.100962 0.132212
1 0.426683 0.500000 0.060096 0.081731
1 0.502404 0.524038 0.086538 0.110577
1 0.512019 0.465144 0.043269 0.021635
1 0.656250 0.465144 0.014423 0.016827
1 0.633413 0.514423 0.064904 0.081731
1 0.697115 0.475962 0.043269 0.057692
1 0.855769 0.447115 0.014423 0.014423
1 0.882212 0.450721 0.014423 0.016827
1 0.931490 0.493990 0.060096 0.079327
1 0.801683 0.500000 0.064904 0.081731