1 0.124507 0.536950 0.056738 0.111635
1 0.217100 0.275943 0.021277 0.042453
1 0.242711 0.283019 0.028369 0.053459
1 0.289598 0.234277 0.019701 0.037736
1 0.309693 0.240566 0.017336 0.040881
1 0.321907 0.211478 0.019701 0.048742
1 0.344366 0.219340 0.018913 0.045597
1 0.360520 0.206761 0.014972 0.042453
1 0.375099 0.198899 0.017336 0.042453
1 0.382979 0.255503 0.018913 0.051887
1 0.402285 0.187107 0.014972 0.031447
1 0.414500 0.229560 0.015760 0.037736
1 0.442474 0.191824 0.016548 0.034591
1 0.451537 0.167453 0.012608 0.026730
1 0.442474 0.306604 0.024429 0.050314
1 0.464539 0.166667 0.013396 0.031447
1 0.473601 0.162736 0.015760 0.036164
1 0.485816 0.174528 0.019701 0.040881
1 0.506698 0.208333 0.022065 0.042453
1 0.482664 0.242925 0.026005 0.045597
1 0.559102 0.216195 0.021277 0.042453
1 0.504334 0.155660 0.017336 0.037736
1 0.526793 0.171384 0.016548 0.047170
1 0.538219 0.161950 0.014184 0.040881
1 0.561072 0.143082 0.017336 0.034591
1 0.567376 0.161950 0.022065 0.040881
1 0.586682 0.142296 0.016548 0.029874
1 0.589835 0.175314 0.018125 0.042453
1 0.587470 0.202830 0.016548 0.040881
1 0.605201 0.214623 0.018913 0.042453
1 0.605201 0.132862 0.015760 0.029874
1 0.613475 0.157233 0.014972 0.031447
1 0.619385 0.179245 0.018913 0.037736
1 0.639086 0.131289 0.014184 0.036164
1 0.662727 0.154088 0.012608 0.034591
1 0.672183 0.146226 0.012608 0.031447
1 0.666273 0.181604 0.013396 0.036164
1 0.683609 0.183176 0.014972 0.033019
1 0.697400 0.140723 0.015760 0.033019
1 0.719464 0.158805 0.014184 0.034591
1 0.584712 0.327830 0.025217 0.042453
1 0.617809 0.352201 0.023641 0.050314
1 0.624507 0.286164 0.024429 0.059748
1 0.662727 0.397013 0.028369 0.077044
1 0.668637 0.244497 0.026005 0.051887
1 0.705280 0.213050 0.018913 0.045597
1 0.729708 0.255503 0.020489 0.039308
1 0.747833 0.223270 0.018913 0.040881
1 0.762017 0.196541 0.014184 0.034591
1 0.773838 0.183176 0.014184 0.033019
1 0.783688 0.205975 0.016548 0.037736
1 0.814027 0.191038 0.014184 0.033019
1 0.799842 0.237421 0.015760 0.037736
1 0.820725 0.223270 0.014972 0.040881
1 0.836485 0.209906 0.016548 0.036164
1 0.808511 0.296384 0.018913 0.058176
1 0.758865 0.285377 0.023641 0.048742
1 0.732072 0.386792 0.026793 0.062893
1 0.803783 0.432390 0.039401 0.075472
1 0.859732 0.500000 0.031521 0.084906
1 0.888495 0.384434 0.022853 0.067610
1 0.863672 0.333333 0.020489 0.050314
1 0.872734 0.299528 0.016548 0.045597
1 0.888495 0.292453 0.018125 0.044025
1 0.868400 0.230346 0.017336 0.036164
1 0.879039 0.218553 0.014972 0.037736
1 0.911742 0.229560 0.012608 0.040881
1 0.906225 0.253931 0.015760 0.036164
1 0.933018 0.268868 0.014184 0.037736
1 0.948385 0.241352 0.014972 0.039308
1 0.985422 0.257862 0.014972 0.040881
1 0.978329 0.301887 0.016548 0.034591
1 0.974389 0.317610 0.014972 0.040881
1 0.976753 0.349057 0.019701 0.047170
1 0.951143 0.371069 0.020489 0.062893
1 0.927896 0.319182 0.014972 0.050314
1 0.961781 0.449686 0.021277 0.066038