1 0.091894 0.442053 0.051838 0.096026
1 0.258247 0.283940 0.018850 0.038079
1 0.284166 0.272351 0.019793 0.038079
1 0.303487 0.258278 0.016965 0.039735
1 0.322337 0.281457 0.016965 0.039735
1 0.343544 0.290563 0.021678 0.044702
1 0.323280 0.222682 0.015080 0.031457
1 0.349670 0.213576 0.018850 0.033113
1 0.368049 0.223510 0.014138 0.033113
1 0.382187 0.235927 0.017908 0.041391
1 0.395382 0.200331 0.012253 0.026490
1 0.408577 0.177980 0.016023 0.028146
1 0.430726 0.178808 0.015080 0.033113
1 0.418473 0.222682 0.015080 0.038079
1 0.434025 0.233444 0.016023 0.046358
1 0.428369 0.277318 0.025448 0.044702
1 0.455702 0.143212 0.014138 0.028146
1 0.450518 0.187086 0.015080 0.033113
1 0.475966 0.176325 0.018850 0.031457
1 0.474081 0.149834 0.015080 0.028146
1 0.491989 0.133278 0.011310 0.024834
1 0.502828 0.167219 0.014138 0.033113
1 0.481621 0.208609 0.018850 0.036424
1 0.480679 0.242550 0.022620 0.038079
1 0.485391 0.304636 0.022620 0.046358
1 0.533459 0.141556 0.015080 0.034768
1 0.552309 0.165563 0.015080 0.033113
1 0.575401 0.168046 0.017908 0.038079
1 0.569274 0.117550 0.011310 0.026490
1 0.596136 0.109272 0.012253 0.029801
1 0.586711 0.134106 0.014138 0.026490
1 0.591894 0.152318 0.013195 0.029801
1 0.556550 0.138245 0.014138 0.024834
1 0.538643 0.206126 0.021678 0.031457
1 0.562677 0.240894 0.024505 0.044702
1 0.561734 0.298013 0.024505 0.059603
1 0.610273 0.334437 0.027333 0.062914
1 0.605561 0.279801 0.027333 0.043046
1 0.611216 0.217715 0.021678 0.044702
1 0.622997 0.147351 0.011310 0.036424
1 0.618756 0.110099 0.014138 0.028146
1 0.639020 0.108444 0.011310 0.024834
1 0.636192 0.125828 0.013195 0.026490
1 0.672479 0.125000 0.014138 0.031457
1 0.713007 0.105132 0.014138 0.028146
1 0.653157 0.177980 0.016965 0.038079
1 0.663054 0.210265 0.019793 0.043046
1 0.679076 0.245861 0.017908 0.041391
1 0.691800 0.187086 0.016965 0.036424
1 0.684731 0.168046 0.017908 0.034768
1 0.714420 0.147351 0.011310 0.026490
1 0.746937 0.109272 0.012253 0.029801
1 0.742224 0.139901 0.016023 0.038079
1 0.767672 0.133278 0.012253 0.034768
1 0.778982 0.128311 0.012253 0.024834
1 0.761074 0.167219 0.016023 0.039735
1 0.745523 0.184603 0.016965 0.041391
1 0.701225 0.225166 0.016965 0.043046
1 0.755419 0.263245 0.023563 0.052980
1 0.713478 0.288907 0.028275 0.054636
1 0.676249 0.350166 0.031103 0.071192
1 0.786051 0.291391 0.022620 0.056291
1 0.801131 0.147351 0.013195 0.029801
1 0.816211 0.134106 0.011310 0.026490
1 0.796890 0.191225 0.016023 0.038079
1 0.823751 0.163907 0.013195 0.029801
1 0.857681 0.156457 0.015080 0.031457
1 0.844015 0.153146 0.014138 0.028146
1 0.853911 0.182947 0.013195 0.028146
1 0.863336 0.141556 0.011310 0.024834
1 0.873704 0.153974 0.013195 0.033113
1 0.885014 0.197848 0.015080 0.038079
1 0.901037 0.134106 0.011310 0.033113
1 0.933082 0.153146 0.011310 0.024834
1 0.932611 0.164735 0.010368 0.031457
1 0.934496 0.190397 0.012253 0.036424
1 0.895853 0.177980 0.012253 0.034768
1 0.901979 0.164735 0.013195 0.028146
1 0.932611 0.279801 0.017908 0.056291
1 0.872762 0.233444 0.016965 0.049669