1 0.232225 0.239870 0.023084 0.045381
1 0.258541 0.218801 0.020314 0.048622
1 0.276547 0.209887 0.021237 0.047002
1 0.298707 0.252026 0.026777 0.050243
1 0.319021 0.213938 0.024931 0.045381
1 0.348107 0.208266 0.020314 0.050243
1 0.357341 0.187196 0.022161 0.043760
1 0.369344 0.209887 0.022161 0.050243
1 0.404894 0.171799 0.026777 0.045381
1 0.446445 0.201783 0.028624 0.053485
1 0.550785 0.203404 0.028624 0.066451
1 0.600185 0.247164 0.025854 0.053485
1 0.615882 0.235818 0.022161 0.053485
1 0.641274 0.235008 0.024931 0.051864
1 0.635272 0.213938 0.024007 0.045381