0 0.081731 0.442308 0.120192 0.149038
0 0.105769 0.335337 0.081731 0.103365
0 0.207933 0.455529 0.122596 0.175481
0 0.272837 0.334135 0.064904 0.100962
0 0.242788 0.274038 0.048077 0.057692
0 0.349760 0.252404 0.040865 0.052885
0 0.342548 0.370192 0.088942 0.125000
0 0.405048 0.282452 0.064904 0.093750
0 0.480769 0.362981 0.100962 0.168269
0 0.563702 0.332933 0.060096 0.093750
0 0.564904 0.247596 0.048077 0.057692
0 0.633413 0.264423 0.064904 0.076923
0 0.638221 0.371394 0.084135 0.132212
0 0.704327 0.329327 0.067308 0.110577
0 0.715144 0.240385 0.055288 0.057692
0 0.775240 0.311298 0.064904 0.098558
0 0.822115 0.412260 0.115385 0.141827
0 0.909856 0.281250 0.088942 0.096154
0 0.975962 0.391827 0.048077 0.158654
0 0.102163 0.050481 0.093750 0.096154
0 0.245192 0.102163 0.048077 0.064904
0 0.277644 0.048077 0.069712 0.091346
0 0.354567 0.127404 0.040865 0.062500
0 0.406250 0.096154 0.067308 0.091346
0 0.568510 0.127404 0.060096 0.076923
0 0.516827 0.105769 0.048077 0.076923
0 0.567308 0.045673 0.067308 0.086538
0 0.634615 0.115385 0.067308 0.081731
0 0.713942 0.135817 0.052885 0.055288
0 0.703125 0.055288 0.074519 0.105769
0 0.771635 0.060096 0.067308 0.110577
0 0.911058 0.093750 0.086538 0.100962