1 0.064904 0.504808 0.028846 0.033654
1 0.127404 0.487981 0.033654 0.033654
1 0.475962 0.496394 0.019231 0.021635
1 0.945913 0.484375 0.050481 0.045673
1 0.735577 0.481971 0.028846 0.036058
1 0.611779 0.480769 0.026442 0.033654
1 0.592548 0.484375 0.021635 0.026442
1 0.570913 0.485577 0.016827 0.028846
1 0.550481 0.489183 0.024038 0.026442
0 0.185096 0.474760 0.057692 0.060096
0 0.236779 0.465144 0.050481 0.064904
0 0.314904 0.484375 0.057692 0.074519
0 0.408654 0.459135 0.052885 0.062500
0 0.520433 0.469952 0.045673 0.060096
0 0.645433 0.474760 0.045673 0.064904
0 0.697115 0.462740 0.038462 0.060096