1 0.112530 0.566378 0.057462 0.102453
1 0.231844 0.344877 0.018356 0.031746
1 0.261772 0.348485 0.020750 0.038961
1 0.287709 0.304473 0.015164 0.031746
1 0.288508 0.369408 0.019952 0.040404
1 0.322027 0.380231 0.021548 0.041847
1 0.352753 0.332612 0.014366 0.033189
1 0.353152 0.292929 0.016760 0.028860
1 0.378691 0.348485 0.018356 0.033189
1 0.384677 0.265512 0.014366 0.025974
1 0.397047 0.289322 0.011971 0.027417
1 0.402235 0.303030 0.014366 0.028860
1 0.405427 0.354257 0.019154 0.044733
1 0.421788 0.263348 0.013567 0.021645
1 0.437350 0.269120 0.012769 0.027417
1 0.432961 0.308802 0.018356 0.037518
1 0.447725 0.333333 0.019154 0.034632
1 0.462889 0.306638 0.017558 0.033189
1 0.449322 0.253247 0.011173 0.027417
1 0.460096 0.242424 0.013567 0.025974
1 0.462490 0.277056 0.013567 0.025974
1 0.478452 0.289322 0.016760 0.030303
1 0.511173 0.300866 0.016760 0.030303
1 0.495211 0.326840 0.015164 0.033189
1 0.507981 0.248196 0.011971 0.025974
1 0.522745 0.257576 0.017558 0.033189
1 0.540303 0.233045 0.012769 0.027417
1 0.559058 0.223665 0.010375 0.020202
1 0.572227 0.261183 0.015962 0.034632
1 0.565044 0.243867 0.014366 0.028860
1 0.564645 0.283550 0.015164 0.038961
1 0.520750 0.354257 0.019952 0.044733
1 0.491620 0.401154 0.022346 0.051948
1 0.533919 0.406926 0.025539 0.049062
1 0.591381 0.231602 0.011173 0.024531
1 0.600559 0.209235 0.011971 0.028860
1 0.588587 0.256854 0.013567 0.028860
1 0.619713 0.258297 0.013567 0.023088
1 0.623703 0.235209 0.015164 0.025974
1 0.650838 0.228716 0.010375 0.024531
1 0.663607 0.236652 0.011971 0.028860
1 0.672386 0.230880 0.011971 0.028860
1 0.666401 0.270563 0.014366 0.033189
1 0.690742 0.259019 0.013567 0.036075
1 0.623703 0.307359 0.016760 0.040404
1 0.635674 0.335498 0.018356 0.041847
1 0.588986 0.331890 0.019154 0.037518
1 0.596967 0.374459 0.022346 0.044733
1 0.601357 0.435065 0.026337 0.053391
1 0.654030 0.388167 0.026337 0.060606
1 0.656425 0.440837 0.029529 0.062049
1 0.694733 0.533189 0.031125 0.079365
1 0.666800 0.323232 0.019952 0.034632
1 0.678771 0.353535 0.019952 0.043290
1 0.716680 0.399711 0.025539 0.057720
1 0.757382 0.455988 0.028731 0.060606
1 0.810056 0.534632 0.030327 0.067821
1 0.823623 0.435786 0.022346 0.051948
1 0.786512 0.380952 0.021548 0.046176
1 0.802075 0.347042 0.017558 0.041847
1 0.709098 0.292929 0.015164 0.037518
1 0.719872 0.253247 0.014366 0.033189
1 0.736632 0.224387 0.014366 0.027417
1 0.764166 0.241703 0.013567 0.024531
1 0.754988 0.261183 0.015962 0.034632
1 0.753791 0.284993 0.018356 0.036075
1 0.792498 0.247475 0.014366 0.027417
1 0.820032 0.263348 0.013567 0.030303
1 0.851556 0.257576 0.011173 0.024531
1 0.846768 0.274892 0.011173 0.036075
1 0.834796 0.284271 0.012769 0.037518
1 0.798883 0.280664 0.015962 0.030303
1 0.796089 0.305916 0.015164 0.037518
1 0.832003 0.325397 0.016760 0.044733
1 0.862729 0.287879 0.014366 0.036075
1 0.861133 0.332612 0.015962 0.047619
1 0.850359 0.360029 0.016760 0.047619
1 0.840782 0.390332 0.019952 0.059163
1 0.875898 0.405483 0.019952 0.054834
1 0.914206 0.272006 0.011971 0.033189
1 0.913408 0.308081 0.013567 0.036075
1 0.905427 0.328283 0.013567 0.030303
1 0.906225 0.357143 0.016760 0.041847
1 0.891460 0.468975 0.022346 0.066378