0 0.176683 0.302410 0.165865 0.166265
0 0.302885 0.313253 0.105769 0.130120
0 0.090144 0.324096 0.050481 0.060241
0 0.087740 0.112048 0.050481 0.055422
0 0.175481 0.133735 0.153846 0.180723
0 0.306490 0.122892 0.098558 0.139759
0 0.596154 0.400000 0.100962 0.130120
0 0.598558 0.054217 0.100962 0.103614
0 0.695913 0.320482 0.117788 0.149398
0 0.734375 0.373494 0.146635 0.168675
0 0.697115 0.119277 0.115385 0.151807
0 0.739183 0.077108 0.146635 0.144578
0 0.959135 0.326506 0.081731 0.214458
0 0.957933 0.110843 0.084135 0.207229