1 0.086672 0.545605 0.045789 0.109453
1 0.210957 0.260365 0.017989 0.039801
1 0.217907 0.277778 0.022077 0.044776
1 0.266558 0.235489 0.017989 0.043118
1 0.298855 0.205638 0.018806 0.036484
1 0.295176 0.235489 0.019624 0.043118
1 0.324612 0.225539 0.017989 0.046434
1 0.334424 0.226368 0.016353 0.041459
1 0.353230 0.266169 0.021259 0.051410
1 0.353639 0.197347 0.018806 0.036484
1 0.389207 0.233831 0.017989 0.039801
1 0.383483 0.188226 0.017989 0.038143
1 0.412101 0.172471 0.016353 0.029851
1 0.423957 0.188226 0.015536 0.034826
1 0.429681 0.289386 0.018806 0.038143
1 0.466885 0.233831 0.019624 0.043118
1 0.466885 0.173300 0.016353 0.034826
1 0.488553 0.200663 0.015536 0.033167
1 0.483238 0.149254 0.014718 0.033167
1 0.448487 0.160033 0.013900 0.024876
1 0.512674 0.163350 0.017989 0.048093
1 0.523712 0.158375 0.013900 0.031509
1 0.524121 0.225539 0.016353 0.046434
1 0.549060 0.135987 0.013900 0.036484
1 0.553966 0.148425 0.013900 0.031509
1 0.570319 0.132670 0.015536 0.033167
1 0.592805 0.124378 0.014718 0.029851
1 0.600572 0.146766 0.013900 0.028192
1 0.606296 0.175788 0.013900 0.033167
1 0.601799 0.210614 0.017989 0.043118
1 0.577269 0.211443 0.013083 0.024876
1 0.577678 0.169983 0.015536 0.034826
1 0.628373 0.122720 0.013900 0.033167
1 0.654947 0.133499 0.016353 0.038143
1 0.654129 0.172471 0.014718 0.036484
1 0.687653 0.135158 0.013083 0.031509
1 0.683974 0.151741 0.015536 0.041459
1 0.706051 0.153400 0.013900 0.038143
1 0.767784 0.174959 0.014718 0.031509
1 0.757972 0.194030 0.013083 0.036484
1 0.775552 0.199834 0.015536 0.041459
1 0.809894 0.186567 0.013900 0.041459
1 0.819297 0.222222 0.016353 0.036484
1 0.831153 0.207297 0.015536 0.036484
1 0.740801 0.224710 0.019624 0.044776
1 0.691333 0.210614 0.017171 0.043118
1 0.654538 0.244610 0.022077 0.054726
1 0.607522 0.282753 0.024530 0.058043
1 0.570728 0.326700 0.021259 0.056385
1 0.600572 0.376451 0.025348 0.056385
1 0.655765 0.384743 0.026165 0.063018
1 0.725266 0.390547 0.026165 0.058043
1 0.714636 0.274461 0.021259 0.044776
1 0.748160 0.292703 0.021259 0.038143
1 0.793949 0.247927 0.017989 0.044776
1 0.799264 0.305141 0.023712 0.049751
1 0.866721 0.228856 0.014718 0.036484
1 0.878577 0.232172 0.012265 0.029851
1 0.900245 0.224710 0.016353 0.031509
1 0.903516 0.254561 0.016353 0.038143
1 0.931725 0.258706 0.015536 0.036484
1 0.955029 0.243781 0.016353 0.036484
1 0.983238 0.253731 0.012265 0.039801
1 0.873671 0.289386 0.018806 0.044776
1 0.890842 0.285240 0.015536 0.036484
1 0.929272 0.321725 0.018806 0.046434
1 0.977923 0.307629 0.016353 0.048093
1 0.977105 0.357380 0.017989 0.054726
1 0.953802 0.368159 0.018806 0.043118
1 0.858136 0.350746 0.022077 0.058043
1 0.882666 0.408789 0.022077 0.061360
1 0.956664 0.428690 0.022895 0.058043
1 0.792723 0.455224 0.031889 0.077944
1 0.864268 0.517413 0.031071 0.069652