1 0.395769 0.196367 0.023736 0.032872
1 0.438080 0.213668 0.019608 0.036332
1 0.469040 0.231834 0.025800 0.041522
1 0.574819 0.175606 0.018576 0.036332
1 0.587719 0.193772 0.017544 0.044983
1 0.658411 0.133218 0.014448 0.031142
1 0.704850 0.179931 0.020640 0.041522
1 0.702270 0.216263 0.023736 0.041522
1 0.652735 0.228374 0.023736 0.051903
1 0.653251 0.277682 0.028896 0.039792
1 0.659443 0.326125 0.028896 0.057093
1 0.721878 0.262976 0.025800 0.048443
1 0.755418 0.169550 0.024768 0.051903
1 0.977296 0.242215 0.020640 0.041522