1 0.154232 0.393969 0.052339 0.103113
1 0.340200 0.181907 0.018931 0.036965
1 0.383630 0.193580 0.018931 0.033074
1 0.394209 0.212062 0.017817 0.042802
1 0.420935 0.215953 0.020045 0.035019
1 0.452673 0.228599 0.021158 0.033074
1 0.389755 0.162451 0.013363 0.029183
1 0.478285 0.165370 0.016704 0.035019
1 0.448775 0.176070 0.013363 0.021401
1 0.520045 0.192607 0.022272 0.038911
1 0.550668 0.195525 0.018931 0.036965
1 0.579065 0.127432 0.015590 0.029183
1 0.624722 0.257782 0.031180 0.052529
1 0.792316 0.213035 0.021158 0.040856
1 0.866927 0.121595 0.016704 0.040856
1 0.820156 0.263619 0.021158 0.052529
1 0.930401 0.268482 0.018931 0.035019