1 0.063380 0.439900 0.032864 0.075125
1 0.255869 0.285476 0.017840 0.033389
1 0.291080 0.263773 0.016901 0.033389
1 0.301408 0.257930 0.018779 0.035058
1 0.320657 0.220367 0.015962 0.033389
1 0.342254 0.219533 0.014085 0.035058
1 0.364319 0.219533 0.016901 0.028381
1 0.318779 0.277129 0.017840 0.036728
1 0.338028 0.286311 0.020657 0.035058
1 0.399531 0.297997 0.023474 0.045075
1 0.380282 0.231219 0.016901 0.035058
1 0.392019 0.197830 0.015962 0.031720
1 0.406573 0.176127 0.013146 0.025042
1 0.423005 0.185309 0.015962 0.030050
1 0.447887 0.146912 0.011268 0.020033
1 0.453521 0.159432 0.013146 0.025042
1 0.447418 0.188648 0.017840 0.026711
1 0.415023 0.224541 0.018779 0.031720
1 0.426761 0.243740 0.023474 0.040067
1 0.479343 0.229549 0.021596 0.038397
1 0.487324 0.207012 0.015023 0.026711
1 0.472770 0.161937 0.015962 0.036728
1 0.482160 0.138564 0.012207 0.020033
1 0.496714 0.153589 0.015023 0.023372
1 0.515493 0.156928 0.015023 0.030050
1 0.534272 0.136895 0.015023 0.023372
1 0.538967 0.202838 0.016901 0.035058
1 0.552113 0.161102 0.015023 0.031720
1 0.574648 0.166945 0.016901 0.033389
1 0.569953 0.113523 0.013146 0.026711
1 0.585915 0.139399 0.015023 0.028381
1 0.605634 0.158598 0.015023 0.030050
1 0.592958 0.101002 0.012207 0.025042
1 0.612676 0.118531 0.012207 0.026711
1 0.615493 0.101002 0.010329 0.018364
1 0.633333 0.126043 0.012207 0.025042
1 0.638028 0.106010 0.012207 0.021703
1 0.670892 0.123539 0.015962 0.030050
1 0.690141 0.101836 0.013146 0.026711
1 0.491080 0.292154 0.024413 0.046745
1 0.564789 0.284641 0.023474 0.048414
1 0.610329 0.329716 0.020657 0.051753
1 0.657746 0.383973 0.029108 0.053422
1 0.604225 0.252922 0.021596 0.041736
1 0.609390 0.210351 0.018779 0.036728
1 0.644131 0.181135 0.018779 0.035058
1 0.666197 0.204508 0.015962 0.035058
1 0.674648 0.246244 0.017840 0.041736
1 0.687324 0.186144 0.016901 0.031720
1 0.697183 0.220367 0.019718 0.043406
1 0.715962 0.282972 0.021596 0.048414
1 0.771362 0.282137 0.025352 0.050083
1 0.761972 0.228715 0.019718 0.040067
1 0.743662 0.186144 0.015023 0.031720
1 0.728638 0.164441 0.011268 0.025042
1 0.710329 0.145242 0.017840 0.033389
1 0.738028 0.125209 0.011268 0.030050
1 0.746479 0.111853 0.013146 0.026711
1 0.753521 0.144407 0.012207 0.025042
1 0.760094 0.161937 0.012207 0.026711
1 0.764789 0.138564 0.012207 0.026711
1 0.780751 0.116861 0.012207 0.026711
1 0.800000 0.139399 0.013146 0.035058
1 0.813146 0.126878 0.011268 0.026711
1 0.822535 0.161937 0.011268 0.033389
1 0.829577 0.141903 0.014085 0.030050
1 0.792488 0.188648 0.015023 0.040067
1 0.842254 0.193656 0.016901 0.043406
1 0.859155 0.154424 0.015023 0.031720
1 0.866667 0.146912 0.013146 0.030050
1 0.872770 0.132721 0.014085 0.028381
1 0.897653 0.131052 0.013146 0.028381
1 0.893897 0.169449 0.018779 0.038397
1 0.876056 0.191987 0.018779 0.036728
1 0.870892 0.230384 0.017840 0.046745
1 0.924883 0.267112 0.018779 0.046745
1 0.930047 0.151920 0.014085 0.033389