1 0.544886 0.061492 0.017045 0.026210
1 0.470455 0.164315 0.013636 0.038306
1 0.485227 0.177419 0.018182 0.040323
1 0.449432 0.234879 0.021591 0.034274
1 0.413636 0.210685 0.022727 0.034274
1 0.550568 0.174395 0.017045 0.034274
1 0.563636 0.184476 0.018182 0.046371
1 0.637500 0.120968 0.018182 0.028226
1 0.675568 0.173387 0.017045 0.044355
1 0.634091 0.215726 0.022727 0.048387
1 0.621591 0.278226 0.022727 0.048387
1 0.639205 0.328629 0.032955 0.064516
1 0.680682 0.287298 0.022727 0.046371
1 0.681818 0.217742 0.020455 0.052419
1 0.726136 0.219758 0.020455 0.060484
1 0.940909 0.240927 0.020455 0.054435