1 0.537500 0.569832 0.075000 0.156425
1 0.252083 0.253259 0.022917 0.059590
1 0.325521 0.199255 0.015625 0.029795
1 0.379688 0.164804 0.015625 0.024209
1 0.392708 0.219739 0.025000 0.040968
1 0.420833 0.219739 0.014583 0.037244
1 0.445312 0.234637 0.015625 0.033520
1 0.467187 0.157356 0.015625 0.031657
1 0.474479 0.171322 0.015625 0.026071
1 0.518229 0.196462 0.021875 0.039106
1 0.554167 0.202980 0.022917 0.033520
1 0.677604 0.129423 0.019792 0.054004
1 0.632812 0.163873 0.026042 0.037244
1 0.631771 0.259777 0.023958 0.061453
1 0.706771 0.156425 0.019792 0.048417
1 0.743229 0.178771 0.019792 0.044693
1 0.780208 0.194600 0.018750 0.039106
1 0.834375 0.257914 0.022917 0.039106
1 0.926562 0.272812 0.021875 0.042831
1 0.950000 0.203911 0.012500 0.039106
1 0.578125 0.127561 0.012500 0.024209