1 0.120192 0.448193 0.028846 0.038554
0 0.046875 0.461446 0.021635 0.021687
1 0.179087 0.436145 0.084135 0.081928
1 0.385817 0.436145 0.055288 0.053012
1 0.445913 0.425301 0.045673 0.036145
1 0.526442 0.439759 0.028846 0.040964
1 0.555288 0.445783 0.028846 0.033735
1 0.638221 0.444578 0.016827 0.016867
1 0.621394 0.436145 0.016827 0.024096
1 0.686298 0.437349 0.031250 0.031325
1 0.731971 0.433735 0.016827 0.024096
1 0.752404 0.436145 0.024038 0.028916
1 0.796875 0.434940 0.016827 0.021687
1 0.822115 0.430120 0.028846 0.031325
1 0.866587 0.425301 0.021635 0.026506
1 0.917067 0.420482 0.031250 0.036145
1 0.977163 0.420482 0.021635 0.026506