1 0.712357 0.302218 0.033229 0.064695
1 0.596054 0.227357 0.020768 0.044362
1 0.623053 0.219039 0.022845 0.042514
1 0.657840 0.186691 0.017653 0.036969
1 0.682243 0.221811 0.018692 0.040665
1 0.722222 0.224584 0.019730 0.038817
1 0.713396 0.191312 0.018692 0.035120
1 0.697819 0.175601 0.018692 0.033272
1 0.738318 0.175601 0.016615 0.033272
1 0.727934 0.140481 0.012461 0.033272
1 0.745067 0.145102 0.013499 0.024030
1 0.763759 0.132163 0.013499 0.027726
1 0.317757 0.214418 0.016615 0.025878
1 0.370197 0.193161 0.013499 0.031423
1 0.375909 0.175601 0.014538 0.025878
1 0.420042 0.172828 0.015576 0.031423
1 0.437175 0.174677 0.012461 0.027726
1 0.444964 0.156192 0.013499 0.024030
1 0.441848 0.137708 0.013499 0.020333
1 0.471443 0.134011 0.012461 0.020333
1 0.474559 0.158041 0.012461 0.027726
1 0.458463 0.166359 0.013499 0.022181
1 0.469367 0.203327 0.016615 0.036969
1 0.474039 0.190388 0.013499 0.022181
1 0.525441 0.182070 0.016615 0.031423
1 0.558152 0.185767 0.015576 0.031423
1 0.487020 0.146950 0.014538 0.027726
1 0.498442 0.127542 0.010384 0.018484
1 0.525441 0.122921 0.012461 0.020333
1 0.532191 0.119224 0.007269 0.020333
1 0.529076 0.154344 0.013499 0.024030
1 0.536864 0.147874 0.012461 0.025878
1 0.545691 0.136784 0.011423 0.022181
1 0.578401 0.138632 0.010384 0.025878
1 0.584631 0.122921 0.012461 0.024030
1 0.597612 0.134011 0.011423 0.020333
1 0.615784 0.103512 0.010384 0.022181
1 0.630841 0.130314 0.011423 0.024030
1 0.634476 0.157116 0.014538 0.025878
1 0.660436 0.142329 0.010384 0.025878
1 0.654725 0.124769 0.009346 0.020333
1 0.660955 0.113678 0.009346 0.020333
1 0.678089 0.109057 0.010384 0.025878
1 0.709242 0.121996 0.010384 0.022181
1 0.685877 0.147874 0.013499 0.018484
1 0.778816 0.152495 0.012461 0.031423
1 0.795431 0.159889 0.012461 0.027726
1 0.800623 0.133087 0.010384 0.022181
1 0.814642 0.158965 0.011423 0.029575
1 0.800623 0.201479 0.014538 0.029575
1 0.816719 0.199630 0.013499 0.029575
1 0.835410 0.172828 0.011423 0.035120
1 0.828660 0.136784 0.012461 0.025878
1 0.857736 0.139556 0.010384 0.031423
1 0.865524 0.200555 0.011423 0.038817
1 0.879543 0.270795 0.014538 0.042514
1 0.887850 0.230129 0.014538 0.046211
1 0.898235 0.206100 0.012461 0.031423
1 0.940810 0.223660 0.012461 0.036969
1 0.941329 0.189464 0.011423 0.020333
1 0.917445 0.176525 0.013499 0.031423
1 0.944964 0.170980 0.010384 0.024030
1 0.896677 0.159889 0.011423 0.027726