0 0.123798 0.062651 0.074519 0.086747
0 0.222356 0.083133 0.079327 0.098795
0 0.352163 0.045783 0.084135 0.086747
1 0.555288 0.124096 0.028846 0.031325
0 0.526442 0.045783 0.096154 0.086747
0 0.710337 0.087952 0.050481 0.084337
0 0.777644 0.048193 0.098558 0.091566
0 0.914663 0.139759 0.021635 0.033735
0 0.914663 0.201205 0.021635 0.031325
0 0.125000 0.279518 0.072115 0.077108
0 0.223558 0.257831 0.076923 0.086747
0 0.355769 0.304819 0.091346 0.098795
1 0.555288 0.219277 0.024038 0.033735
0 0.530048 0.308434 0.093750 0.106024
1 0.676683 0.203614 0.021635 0.026506
1 0.739183 0.215663 0.016827 0.026506
0 0.710337 0.253012 0.050481 0.072289
0 0.777644 0.306024 0.098558 0.110843