0 0.807692 0.338554 0.091346 0.098795
0 0.614183 0.406024 0.045673 0.055422
0 0.527644 0.390361 0.040865 0.057831
0 0.455529 0.383133 0.045673 0.057831
0 0.379808 0.402410 0.048077 0.048193
0 0.356971 0.363855 0.031250 0.048193
0 0.298077 0.379518 0.057692 0.074699
0 0.229567 0.371084 0.045673 0.062651
0 0.150240 0.366265 0.069712 0.072289
0 0.116587 0.374699 0.036058 0.050602
0 0.161058 0.079518 0.048077 0.072289
0 0.117788 0.085542 0.043269 0.060241
0 0.229567 0.074699 0.055288 0.072289
0 0.295673 0.068675 0.072115 0.074699
0 0.389423 0.048193 0.052885 0.067470
0 0.353365 0.078313 0.038462 0.045783
0 0.465144 0.057831 0.055288 0.062651
0 0.531250 0.054217 0.048077 0.060241
0 0.618990 0.038554 0.045673 0.062651
0 0.811298 0.107229 0.098558 0.103614