1 0.122466 0.561505 0.040541 0.075253
1 0.837838 0.522431 0.028716 0.075253
1 0.722128 0.526773 0.040541 0.075253
1 0.554054 0.431983 0.021959 0.044863
1 0.604307 0.468162 0.032939 0.065123
1 0.652449 0.485528 0.038007 0.079595
1 0.959459 0.286541 0.015203 0.031838
1 0.899071 0.268452 0.012669 0.033285
1 0.860220 0.264834 0.016047 0.026049
1 0.827280 0.254703 0.012669 0.031838
1 0.798564 0.248191 0.016047 0.030391
1 0.761402 0.245297 0.014358 0.030391
1 0.688767 0.220695 0.010980 0.024602
1 0.612331 0.217077 0.010135 0.026049
1 0.566301 0.236614 0.010980 0.033285
1 0.580236 0.232996 0.013514 0.026049
1 0.642314 0.222865 0.012669 0.026049
1 0.651605 0.235890 0.017736 0.028944
1 0.720017 0.261939 0.019426 0.031838
1 0.747466 0.263386 0.013514 0.034732
1 0.654561 0.268452 0.016892 0.030391
1 0.595017 0.247467 0.014358 0.026049
1 0.800253 0.298842 0.016047 0.041968
1 0.831926 0.314761 0.021959 0.039074
1 0.862331 0.332127 0.015203 0.041968
1 0.889780 0.350217 0.012669 0.040521
1 0.882179 0.282200 0.014358 0.026049
1 0.913429 0.290159 0.017736 0.039074
1 0.906250 0.332127 0.018581 0.044863
1 0.934122 0.343705 0.016892 0.030391
1 0.953547 0.324168 0.015203 0.031838
1 0.933277 0.313314 0.020270 0.036179
1 0.952703 0.371925 0.018581 0.037627
1 0.709882 0.310420 0.021115 0.039074
1 0.682432 0.306078 0.015203 0.036179
1 0.649916 0.314038 0.027872 0.037627
1 0.593750 0.285094 0.016892 0.028944
1 0.618666 0.259768 0.014358 0.027496
1 0.517736 0.272793 0.011824 0.024602
1 0.474662 0.251809 0.020270 0.026049
1 0.555743 0.261216 0.018581 0.033285
1 0.554899 0.297395 0.018581 0.033285
1 0.399071 0.270622 0.014358 0.034732
1 0.434122 0.272793 0.015203 0.024602
1 0.470439 0.290883 0.018581 0.026049
1 0.483108 0.321997 0.023649 0.027496
1 0.518581 0.335022 0.020270 0.030391
1 0.358953 0.306802 0.021959 0.026049
1 0.289274 0.321274 0.019426 0.026049
1 0.230574 0.349493 0.018581 0.030391
1 0.265625 0.356729 0.019426 0.041968
1 0.338682 0.366860 0.027027 0.056440
1 0.413851 0.346599 0.021959 0.047757
1 0.448902 0.348770 0.019426 0.040521
1 0.552365 0.374096 0.021959 0.041968
1 0.487753 0.419682 0.026182 0.049204
1 0.609797 0.394356 0.027027 0.050651
1 0.611486 0.342981 0.023649 0.034732
1 0.663429 0.384949 0.027872 0.040521
1 0.702703 0.381331 0.020270 0.036179
1 0.739020 0.413893 0.028716 0.049204
1 0.803209 0.443560 0.030405 0.062229
1 0.829814 0.374096 0.029561 0.047757
1 0.877111 0.405933 0.027872 0.065123
1 0.942568 0.478292 0.030405 0.062229
1 0.412584 0.315485 0.024493 0.043415
1 0.428632 0.309696 0.021115 0.040521
1 0.533784 0.293054 0.025338 0.047757
1 0.688345 0.243849 0.016892 0.030391
1 0.358108 0.346599 0.016892 0.041968
1 0.531250 0.264834 0.016892 0.031838