1 0.542984 0.288225 0.026680 0.066784
1 0.526680 0.269772 0.021739 0.057996
1 0.542490 0.195958 0.017787 0.040422
1 0.618083 0.204745 0.020751 0.047452
1 0.658597 0.253954 0.022727 0.054482
1 0.667984 0.224077 0.017787 0.043937
1 0.672431 0.201230 0.014822 0.043937
1 0.703063 0.203866 0.016798 0.038664
1 0.742095 0.211775 0.015810 0.040422
1 0.770257 0.241652 0.020751 0.050967
1 0.820158 0.251318 0.019763 0.052724
1 0.717885 0.303163 0.022727 0.054482
1 0.734684 0.352373 0.024704 0.075571
1 0.832510 0.405975 0.028656 0.073814
1 0.873024 0.434974 0.032609 0.082601