1 0.073751 0.420690 0.039651 0.068966
1 0.290246 0.282759 0.023791 0.038621
1 0.319191 0.280000 0.018239 0.038621
1 0.342189 0.270345 0.018239 0.035862
1 0.360032 0.286897 0.022205 0.044138
1 0.392546 0.292414 0.023791 0.049655
1 0.307296 0.237931 0.015067 0.034483
1 0.337034 0.228276 0.017446 0.031724
1 0.365583 0.222069 0.019033 0.035862
1 0.375099 0.237241 0.019033 0.038621
1 0.406027 0.227586 0.015860 0.038621
1 0.439334 0.224138 0.017446 0.040000
1 0.411182 0.199310 0.018239 0.037241
1 0.425059 0.191724 0.014274 0.033103
1 0.447264 0.203448 0.015860 0.034483
1 0.448850 0.177931 0.012688 0.030345
1 0.449643 0.152414 0.012688 0.028966
1 0.467883 0.158621 0.014274 0.030345
1 0.495242 0.199310 0.018239 0.037241
1 0.500397 0.228966 0.019033 0.046897
1 0.504362 0.138621 0.012688 0.023448
1 0.502379 0.157241 0.011895 0.024828
1 0.508723 0.178621 0.015067 0.034483
1 0.523791 0.163448 0.015067 0.031724
1 0.526963 0.146207 0.013481 0.024828
1 0.541634 0.178621 0.017446 0.037241
1 0.557891 0.153103 0.015067 0.035862
1 0.560666 0.132414 0.012688 0.022069
1 0.580492 0.131724 0.014274 0.031724
1 0.595559 0.106897 0.012688 0.026207
1 0.584457 0.122759 0.014274 0.024828
1 0.588818 0.148276 0.015067 0.031724
1 0.584060 0.173793 0.018239 0.035862
1 0.613402 0.116552 0.015067 0.026207
1 0.610626 0.142069 0.014274 0.027586
1 0.626883 0.150345 0.013481 0.030345
1 0.647898 0.099310 0.012688 0.024828
1 0.659794 0.120000 0.011102 0.024828
1 0.676447 0.125517 0.011102 0.027586
1 0.692704 0.115862 0.013481 0.027586
1 0.650674 0.138621 0.013481 0.031724
1 0.645519 0.124828 0.014274 0.026207
1 0.627676 0.203448 0.016653 0.040000
1 0.648692 0.224828 0.019033 0.041379
1 0.609040 0.251724 0.023791 0.048276
1 0.568993 0.258621 0.024584 0.051034
1 0.541634 0.292414 0.030135 0.055172
1 0.608644 0.333103 0.032514 0.064828
1 0.671689 0.272414 0.025377 0.056552
1 0.683981 0.196552 0.018239 0.042759
1 0.712530 0.222759 0.021412 0.045517
1 0.722443 0.187586 0.017446 0.041379
1 0.708961 0.153103 0.012688 0.030345
1 0.714909 0.180690 0.016653 0.033103
1 0.760111 0.177931 0.015067 0.035862
1 0.742665 0.144828 0.015067 0.035862
1 0.781919 0.131724 0.012688 0.026207
1 0.805710 0.134483 0.012688 0.028966
1 0.837034 0.136552 0.013481 0.030345
1 0.870341 0.142759 0.011895 0.028966
1 0.902855 0.146897 0.013481 0.034483
1 0.905234 0.157931 0.015067 0.034483
1 0.931404 0.162069 0.013481 0.034483
1 0.863997 0.155862 0.015067 0.033103
1 0.851705 0.173103 0.015860 0.034483
1 0.831879 0.157931 0.012688 0.031724
1 0.891356 0.193103 0.017446 0.035862
1 0.927439 0.212414 0.015067 0.049655
1 0.921887 0.247586 0.021412 0.042759
1 0.873910 0.225517 0.020619 0.048276
1 0.844964 0.191034 0.013481 0.031724
1 0.815623 0.155862 0.016653 0.033103
1 0.781523 0.165517 0.015067 0.035862
1 0.804917 0.182759 0.015860 0.037241
1 0.821570 0.217931 0.019033 0.044138
1 0.826328 0.243448 0.019033 0.045517
1 0.874306 0.268276 0.018239 0.045517
1 0.746233 0.253793 0.025377 0.044138
1 0.775971 0.307586 0.026170 0.052414
1 0.837431 0.328276 0.030135 0.068966
1 0.897304 0.344138 0.022998 0.059310
1 0.805313 0.404828 0.040444 0.075862
1 0.894528 0.440690 0.033307 0.075862
1 0.919508 0.282759 0.021412 0.049655