1 0.197595 0.365731 0.042383 0.082164
1 0.312715 0.227455 0.018328 0.030060
1 0.329324 0.194389 0.019473 0.036072
1 0.347652 0.201403 0.019473 0.034068
1 0.412944 0.205411 0.019473 0.038076
1 0.420389 0.178357 0.018328 0.032064
1 0.443872 0.216433 0.019473 0.036072
1 0.446163 0.187375 0.017182 0.030060
1 0.470218 0.189379 0.014891 0.034068
1 0.477663 0.228457 0.020619 0.044088
1 0.443299 0.154309 0.013746 0.028056
1 0.464490 0.147295 0.010309 0.022044
1 0.481672 0.149299 0.012600 0.026052
1 0.466781 0.135271 0.012600 0.022044
1 0.489691 0.132265 0.012600 0.028056
1 0.506300 0.141283 0.013746 0.034068
1 0.498855 0.157315 0.014891 0.034068
1 0.534364 0.156313 0.012600 0.028056
1 0.525773 0.139279 0.011455 0.018036
1 0.544101 0.140281 0.011455 0.024048
1 0.550974 0.125251 0.009164 0.022044
1 0.550974 0.165331 0.016037 0.034068
1 0.540664 0.187375 0.016037 0.038076
1 0.581329 0.167335 0.014891 0.034068
1 0.575601 0.143287 0.014891 0.030060
1 0.578465 0.117234 0.016037 0.022044
1 0.596220 0.145291 0.014891 0.034068
1 0.605384 0.133267 0.010309 0.026052
1 0.622566 0.106212 0.012600 0.024048
1 0.638603 0.125251 0.012600 0.026052
1 0.647194 0.111222 0.011455 0.022044
1 0.660367 0.110220 0.010309 0.024048
1 0.654066 0.131263 0.011455 0.026052
1 0.647194 0.151303 0.013746 0.030060
1 0.626002 0.156313 0.017182 0.028056
1 0.680985 0.122244 0.010309 0.024048
1 0.695304 0.126253 0.011455 0.032064
1 0.699885 0.118236 0.009164 0.024048
1 0.710767 0.169339 0.014891 0.026052
1 0.662085 0.188377 0.018328 0.040080
1 0.640893 0.201403 0.019473 0.038076
1 0.580756 0.233467 0.018328 0.042084
1 0.595074 0.301603 0.030928 0.078156
1 0.631157 0.245491 0.018328 0.038076
1 0.516037 0.288577 0.026346 0.048096
1 0.664376 0.271543 0.020619 0.042084
1 0.666667 0.224449 0.020619 0.040080
1 0.697595 0.212425 0.018328 0.036072
1 0.726804 0.219439 0.024055 0.042084
1 0.693585 0.314629 0.033219 0.060120
1 0.724513 0.355711 0.033219 0.074148
1 0.755441 0.130261 0.012600 0.028056
1 0.758305 0.147295 0.013746 0.038076
1 0.779496 0.143287 0.012600 0.030060
1 0.794960 0.172345 0.013746 0.032064
1 0.772050 0.182365 0.016037 0.032064
1 0.741695 0.174349 0.014891 0.032064
1 0.780641 0.240481 0.019473 0.036072
1 0.813860 0.195391 0.014891 0.034068
1 0.827033 0.176353 0.013746 0.032064
1 0.840779 0.158317 0.013746 0.032064
1 0.861397 0.197395 0.016037 0.042084
1 0.878580 0.160321 0.018328 0.036072
1 0.912371 0.169339 0.014891 0.034068
1 0.940435 0.174349 0.013746 0.036072
1 0.937572 0.214429 0.014891 0.036072
1 0.922680 0.244489 0.019473 0.044088
1 0.935281 0.239479 0.014891 0.038076
1 0.926690 0.292585 0.020619 0.056112
1 0.913517 0.334669 0.021764 0.064128
1 0.875143 0.266533 0.020619 0.052104
1 0.865979 0.184369 0.013746 0.036072
1 0.890607 0.197395 0.017182 0.038076
1 0.885452 0.227455 0.020619 0.038076
1 0.823024 0.219439 0.014891 0.042084
1 0.802405 0.273547 0.028637 0.054108
1 0.811569 0.265531 0.019473 0.046092
1 0.845934 0.296593 0.019473 0.052104
1 0.816724 0.348697 0.032073 0.064128
1 0.894616 0.436874 0.029782 0.080160