1 0.126431 0.363889 0.040583 0.087037
1 0.277836 0.219444 0.020812 0.031481
1 0.309573 0.227778 0.017690 0.037037
1 0.337669 0.181481 0.015609 0.033333
1 0.334027 0.236111 0.018730 0.035185
1 0.367846 0.187963 0.013528 0.035185
1 0.376171 0.160185 0.013528 0.027778
1 0.373049 0.230556 0.019771 0.038889
1 0.402185 0.198148 0.017690 0.033333
1 0.419355 0.200926 0.020812 0.035185
1 0.401665 0.235185 0.016649 0.033333
1 0.421436 0.248148 0.020812 0.037037
1 0.445890 0.202778 0.023933 0.038889
1 0.415193 0.164815 0.016649 0.029630
1 0.442768 0.163889 0.015609 0.031481
1 0.482310 0.186111 0.021852 0.035185
1 0.486993 0.146296 0.012487 0.029630
1 0.502601 0.119444 0.010406 0.024074
1 0.522373 0.133333 0.014568 0.018519
1 0.552029 0.126852 0.013528 0.020370
1 0.513528 0.152778 0.015609 0.027778
1 0.521332 0.180556 0.018730 0.035185
1 0.543704 0.158333 0.015609 0.035185
1 0.564516 0.156481 0.017690 0.038889
1 0.557232 0.184259 0.015609 0.031481
1 0.591051 0.160185 0.016649 0.035185
1 0.606139 0.146296 0.017690 0.029630
1 0.600937 0.117593 0.015609 0.027778
1 0.632674 0.112963 0.014568 0.022222
1 0.648283 0.105556 0.012487 0.025926
1 0.634755 0.150926 0.014568 0.027778
1 0.658689 0.150000 0.014568 0.025926
1 0.687825 0.106481 0.012487 0.024074
1 0.695109 0.124074 0.016649 0.025926
1 0.713840 0.109259 0.012487 0.025926
1 0.620187 0.209259 0.020812 0.040741
1 0.570760 0.243519 0.023933 0.050000
1 0.643600 0.241667 0.021852 0.053704
1 0.672737 0.217593 0.026015 0.050000
1 0.668574 0.179630 0.017690 0.040741
1 0.713319 0.181481 0.017690 0.037037
1 0.730489 0.146296 0.014568 0.037037
1 0.752341 0.131481 0.014568 0.029630
1 0.777836 0.133333 0.013528 0.022222
1 0.800728 0.143519 0.013528 0.027778
1 0.822581 0.132407 0.013528 0.027778
1 0.879292 0.112963 0.016649 0.033333
1 0.930801 0.111111 0.017690 0.033333
1 0.907388 0.173148 0.014568 0.031481
1 0.940166 0.167593 0.011446 0.024074
1 0.950052 0.184259 0.016649 0.024074
1 0.896982 0.187963 0.016649 0.031481
1 0.875650 0.189815 0.017690 0.035185
1 0.861602 0.139815 0.012487 0.020370
1 0.846514 0.150000 0.021852 0.025926
1 0.829865 0.177778 0.017690 0.033333
1 0.794485 0.169444 0.017690 0.024074
1 0.812175 0.191667 0.021852 0.035185
1 0.794485 0.210185 0.021852 0.042593
1 0.757024 0.196296 0.015609 0.037037
1 0.739854 0.181481 0.016649 0.033333
1 0.739854 0.241667 0.018730 0.038889
1 0.767950 0.246296 0.020812 0.037037
1 0.697190 0.258333 0.027055 0.050000
1 0.701873 0.319444 0.036420 0.068519
1 0.754422 0.366667 0.033299 0.051852
1 0.794485 0.302778 0.026015 0.046296
1 0.835068 0.245370 0.019771 0.046296
1 0.844953 0.221296 0.014568 0.035185
1 0.932362 0.349074 0.024974 0.057407
1 0.939646 0.261111 0.014568 0.037037
1 0.930281 0.217593 0.018730 0.038889
1 0.899063 0.244444 0.018730 0.048148
1 0.905307 0.213889 0.016649 0.035185