0 0.057692 0.537260 0.024038 0.026442
0 0.079327 0.562500 0.028846 0.033654
0 0.127404 0.566106 0.033654 0.045673
0 0.224760 0.561298 0.031250 0.045673
0 0.278846 0.552885 0.028846 0.043269
0 0.310096 0.569712 0.033654 0.052885
0 0.340144 0.546875 0.021635 0.026442
0 0.399038 0.549279 0.038462 0.060096
0 0.466346 0.555288 0.014423 0.019231
0 0.490385 0.554087 0.024038 0.031250
0 0.520433 0.560096 0.031250 0.038462
0 0.562500 0.546875 0.038462 0.060096
0 0.639423 0.550481 0.028846 0.043269
0 0.677885 0.551683 0.024038 0.036058
0 0.713942 0.564904 0.038462 0.048077
0 0.746394 0.556490 0.016827 0.026442
0 0.801683 0.544471 0.031250 0.040865
0 0.899038 0.543269 0.024038 0.033654
0 0.967548 0.545673 0.036058 0.043269
1 0.933894 0.598558 0.060096 0.067308