1 0.201613 0.422426 0.043548 0.086037
1 0.286290 0.258815 0.016129 0.032440
1 0.300000 0.242595 0.017742 0.042313
1 0.331452 0.263047 0.022581 0.038082
1 0.324597 0.212271 0.013710 0.032440
1 0.336694 0.214386 0.015323 0.036671
1 0.404032 0.252468 0.019355 0.042313
1 0.401613 0.231312 0.019355 0.042313
1 0.432661 0.245416 0.020161 0.039492
1 0.428226 0.260931 0.022581 0.050776
1 0.414919 0.185472 0.015323 0.029619
1 0.431452 0.179831 0.014516 0.032440
1 0.410887 0.168547 0.013710 0.032440
1 0.429839 0.157969 0.014516 0.033850
1 0.469758 0.138223 0.012097 0.028209
1 0.473387 0.149506 0.012903 0.031030
1 0.482258 0.185472 0.016129 0.040903
1 0.480242 0.222144 0.016935 0.046544
1 0.530645 0.190409 0.017742 0.042313
1 0.515726 0.178420 0.015323 0.035261
1 0.490726 0.132581 0.010484 0.025388
1 0.498790 0.120592 0.008871 0.023977
1 0.522581 0.123413 0.012903 0.029619
1 0.538306 0.132581 0.015323 0.031030
1 0.562903 0.154443 0.014516 0.035261
1 0.567339 0.132581 0.013710 0.028209
1 0.471774 0.320874 0.022581 0.052186
1 0.546774 0.296192 0.033871 0.053597
1 0.591532 0.233427 0.018548 0.046544
1 0.600403 0.158674 0.015323 0.032440
1 0.594355 0.134697 0.012903 0.029619
1 0.590726 0.100846 0.013710 0.023977
1 0.601210 0.103667 0.012097 0.029619
1 0.616935 0.138928 0.012903 0.032440
1 0.614919 0.118477 0.010484 0.025388
1 0.628226 0.126234 0.011290 0.029619
1 0.661694 0.106488 0.013710 0.023977
1 0.679032 0.107193 0.011290 0.028209
1 0.657258 0.162200 0.016129 0.045134
1 0.620968 0.200282 0.017742 0.039492
1 0.643145 0.232017 0.023387 0.046544
1 0.659274 0.258110 0.020161 0.045134
1 0.670161 0.299013 0.030645 0.064880
1 0.662097 0.204513 0.022581 0.047955
1 0.685081 0.150917 0.015323 0.031030
1 0.713710 0.172779 0.014516 0.032440
1 0.725403 0.155148 0.013710 0.031030
1 0.741935 0.186178 0.019355 0.042313
1 0.720161 0.211566 0.022581 0.039492
1 0.729435 0.260226 0.026613 0.057828
1 0.770161 0.324401 0.032258 0.059238
1 0.766532 0.214386 0.020161 0.039492
1 0.770565 0.169958 0.015323 0.038082
1 0.765726 0.141749 0.015323 0.032440
1 0.781452 0.126939 0.014516 0.036671
1 0.810484 0.124824 0.014516 0.040903
1 0.794355 0.160085 0.012903 0.032440
1 0.804839 0.196756 0.017742 0.040903
1 0.818952 0.167842 0.016935 0.047955
1 0.834677 0.153738 0.014516 0.031030
1 0.844758 0.128350 0.012097 0.031030
1 0.876613 0.137518 0.012903 0.032440
1 0.856855 0.177715 0.013710 0.031030
1 0.850806 0.202398 0.016129 0.038082
1 0.836290 0.220028 0.022581 0.045134
1 0.803629 0.272214 0.025000 0.056417
1 0.864516 0.282087 0.024194 0.053597
1 0.896774 0.203808 0.016129 0.040903
1 0.922984 0.253173 0.020161 0.052186
1 0.895565 0.184767 0.013710 0.033850