0 0.125000 0.580723 0.062500 0.048193
0 0.289663 0.619277 0.079327 0.057831
0 0.388221 0.586747 0.055288 0.060241
0 0.125000 0.975904 0.062500 0.048193
0 0.281250 0.944578 0.048077 0.043373
0 0.390625 0.972289 0.055288 0.050602
0 0.593750 0.944578 0.033654 0.028916
0 0.596154 0.615663 0.033654 0.026506
0 0.692308 0.556627 0.028846 0.028916
0 0.719952 0.593976 0.060096 0.055422
0 0.743990 0.563855 0.031250 0.028916
0 0.772837 0.551807 0.031250 0.033735
0 0.864183 0.502410 0.036058 0.031325
0 0.852163 0.620482 0.093750 0.079518
0 0.915865 0.589157 0.067308 0.065060
0 0.723558 0.966265 0.062500 0.062651
0 0.849760 0.939759 0.088942 0.081928
0 0.917067 0.969880 0.064904 0.055422