1 0.109455 0.260589 0.017472 0.046041
1 0.296506 0.235727 0.013361 0.033149
1 0.299075 0.213628 0.014388 0.025783
1 0.338129 0.220074 0.014388 0.034991
1 0.359198 0.222836 0.015416 0.036832
1 0.357657 0.196133 0.014388 0.027624
1 0.350976 0.176796 0.013361 0.033149
1 0.381295 0.197974 0.014388 0.027624
1 0.384892 0.229282 0.015416 0.038674
1 0.398253 0.209945 0.015416 0.033149
1 0.419322 0.233886 0.014388 0.029466
1 0.412127 0.255985 0.018499 0.036832
1 0.410586 0.160221 0.011305 0.025783
1 0.429599 0.163904 0.012333 0.029466
1 0.452210 0.158379 0.014388 0.029466
1 0.449640 0.197053 0.017472 0.033149
1 0.466598 0.207182 0.018499 0.038674
1 0.429085 0.191529 0.013361 0.025783
1 0.504625 0.181400 0.016444 0.031308
1 0.500514 0.155617 0.014388 0.027624
1 0.493320 0.139963 0.012333 0.025783
1 0.507708 0.128913 0.010277 0.022099
1 0.536999 0.133517 0.015416 0.027624
1 0.529805 0.174954 0.017472 0.036832
1 0.564748 0.184162 0.015416 0.033149
1 0.547276 0.174954 0.013361 0.022099
1 0.571942 0.161142 0.015416 0.027624
1 0.557040 0.136280 0.012333 0.029466
1 0.560637 0.127072 0.011305 0.018416
1 0.583762 0.136280 0.012333 0.029466
1 0.605344 0.120626 0.008222 0.016575
1 0.619733 0.119705 0.012333 0.022099
1 0.602261 0.140884 0.014388 0.020258
1 0.614080 0.159300 0.013361 0.031308
1 0.646968 0.116943 0.013361 0.023941
1 0.652621 0.104052 0.008222 0.016575
1 0.666495 0.107735 0.009250 0.020258
1 0.670606 0.122468 0.011305 0.020258
1 0.661871 0.145488 0.014388 0.033149
1 0.641316 0.151934 0.014388 0.027624
1 0.631038 0.139963 0.012333 0.022099
1 0.678314 0.182320 0.014388 0.033149
1 0.688592 0.133517 0.012333 0.027624
1 0.693217 0.111418 0.011305 0.023941
1 0.716341 0.114180 0.012333 0.025783
1 0.633607 0.211786 0.017472 0.033149
1 0.603289 0.228361 0.020555 0.044199
1 0.647996 0.245856 0.021583 0.042357
1 0.690134 0.220994 0.017472 0.040516
1 0.699383 0.256906 0.019527 0.042357
1 0.705036 0.313996 0.028777 0.057090
1 0.755910 0.382136 0.027749 0.068140
1 0.710689 0.180479 0.015416 0.029466
1 0.724563 0.178637 0.016444 0.036832
1 0.742549 0.148250 0.015416 0.034991
1 0.745118 0.169429 0.016444 0.033149
1 0.738952 0.237569 0.018499 0.040516
1 0.768756 0.200737 0.016444 0.040516
1 0.772867 0.248619 0.020555 0.040516
1 0.768243 0.134438 0.013361 0.029466
1 0.787770 0.134438 0.011305 0.029466
1 0.794450 0.147330 0.010277 0.025783
1 0.811922 0.140884 0.010277 0.023941
1 0.808839 0.170350 0.012333 0.023941
1 0.807811 0.208103 0.012333 0.036832
1 0.825797 0.204420 0.013361 0.029466
1 0.807297 0.286372 0.025694 0.046041
1 0.844296 0.253223 0.021583 0.049724
1 0.850976 0.215470 0.014388 0.029466
1 0.840185 0.176796 0.011305 0.025783
1 0.846351 0.166667 0.011305 0.023941
1 0.843268 0.138122 0.011305 0.025783
1 0.863309 0.153775 0.012333 0.027624
1 0.881809 0.164825 0.010277 0.023941
1 0.877698 0.179558 0.012333 0.027624
1 0.890031 0.235727 0.016444 0.036832
1 0.903392 0.219153 0.016444 0.036832
1 0.917266 0.183241 0.013361 0.031308
1 0.921377 0.155617 0.013361 0.020258
1 0.957862 0.195212 0.014388 0.029466
1 0.944502 0.213628 0.014388 0.029466
1 0.932169 0.226519 0.014388 0.025783
1 0.937821 0.249540 0.017472 0.038674
1 0.911100 0.356354 0.025694 0.057090