1 0.067063 0.296006 0.021429 0.049929
1 0.295635 0.212553 0.016667 0.031384
1 0.313095 0.220399 0.015079 0.044223
1 0.333730 0.218973 0.018254 0.038516
1 0.331746 0.194722 0.019048 0.027104
1 0.352778 0.192582 0.019841 0.034237
1 0.351587 0.221826 0.019048 0.041369
1 0.366270 0.243224 0.021429 0.044223
1 0.376587 0.209700 0.019841 0.034237
1 0.409921 0.240371 0.018254 0.044223
1 0.405556 0.274608 0.020635 0.047076
1 0.395635 0.159058 0.011905 0.024251
1 0.412302 0.191155 0.015079 0.034237
1 0.436905 0.192582 0.016667 0.031384
1 0.420635 0.159772 0.015873 0.031384
1 0.437698 0.160485 0.013492 0.029957
1 0.467063 0.201854 0.019841 0.047076
1 0.443651 0.187589 0.017460 0.029957
1 0.471429 0.134807 0.012698 0.021398
1 0.481746 0.146933 0.015873 0.028531
1 0.494841 0.124108 0.011905 0.022825
1 0.503968 0.141227 0.015873 0.028531
1 0.505952 0.152639 0.015079 0.031384
1 0.500794 0.180456 0.014286 0.029957
1 0.529762 0.176890 0.016667 0.034237
1 0.515079 0.132668 0.012698 0.019971
1 0.551190 0.154779 0.015079 0.029957
1 0.547222 0.146220 0.013492 0.027104
1 0.561905 0.119116 0.015873 0.027104
1 0.563889 0.151213 0.013492 0.028531
1 0.553175 0.181170 0.019048 0.037090
1 0.568651 0.229672 0.023016 0.048502
1 0.590079 0.161198 0.019841 0.039943
1 0.587698 0.151213 0.018254 0.031384
1 0.614683 0.112696 0.010317 0.022825
1 0.625794 0.114836 0.013492 0.029957
1 0.618651 0.141227 0.015079 0.031384
1 0.642063 0.151213 0.012698 0.031384
1 0.650000 0.146220 0.012698 0.029957
1 0.655556 0.114123 0.011111 0.031384
1 0.673016 0.109130 0.011111 0.018545
1 0.677778 0.122682 0.014286 0.037090
1 0.614683 0.212553 0.021429 0.048502
1 0.615079 0.251783 0.023810 0.049929
1 0.659524 0.193295 0.017460 0.038516
1 0.671032 0.219686 0.016667 0.039943
1 0.701587 0.108417 0.014286 0.025678
1 0.700794 0.179030 0.019048 0.035663
1 0.717460 0.183310 0.014286 0.038516
1 0.721032 0.234665 0.019841 0.044223
1 0.693651 0.256063 0.022222 0.049929
1 0.712302 0.343081 0.032540 0.064194
1 0.767857 0.358060 0.030952 0.062767
1 0.734127 0.148359 0.014286 0.034237
1 0.745238 0.136234 0.012698 0.035663
1 0.769048 0.126961 0.012698 0.022825
1 0.778571 0.147646 0.012698 0.029957
1 0.796429 0.139800 0.013492 0.028531
1 0.819841 0.134094 0.012698 0.031384
1 0.842460 0.154066 0.011905 0.028531
1 0.825000 0.169044 0.013492 0.035663
1 0.792857 0.166191 0.014286 0.027104
1 0.797619 0.206134 0.015873 0.041369
1 0.819444 0.199715 0.016667 0.037090
1 0.753175 0.191869 0.017460 0.038516
1 0.733333 0.183310 0.014286 0.032810
1 0.823810 0.255350 0.019048 0.054208
1 0.842857 0.221113 0.020635 0.045649
1 0.758730 0.253210 0.023810 0.047076
1 0.786905 0.285307 0.024603 0.054208
1 0.865476 0.186876 0.015079 0.039943
1 0.857143 0.230385 0.017460 0.038516
1 0.892857 0.231812 0.017460 0.047076
1 0.905159 0.222539 0.013492 0.042796
1 0.892063 0.181883 0.015873 0.038516
1 0.905952 0.179030 0.013492 0.038516
1 0.911508 0.149073 0.011905 0.032810
1 0.949206 0.183310 0.014286 0.027104
1 0.948413 0.194009 0.011111 0.034237
1 0.934524 0.208274 0.013492 0.039943
1 0.951587 0.228959 0.015873 0.041369
1 0.923016 0.270328 0.019048 0.047076
1 0.911508 0.336662 0.024603 0.059914