1 0.197442 0.398199 0.041567 0.076177
1 0.341327 0.218144 0.020783 0.037396
1 0.377698 0.236842 0.018385 0.036011
1 0.412070 0.195983 0.021583 0.037396
1 0.416467 0.232687 0.023981 0.044321
1 0.398082 0.243075 0.022382 0.034626
1 0.484412 0.193213 0.020783 0.029086
1 0.559552 0.188366 0.023981 0.049861
1 0.656275 0.222299 0.020783 0.042936
1 0.711031 0.233380 0.024780 0.045706
1 0.861711 0.158587 0.015987 0.037396
1 0.894085 0.189058 0.015188 0.034626
1 0.826938 0.215374 0.018385 0.042936
1 0.873701 0.217452 0.019185 0.038781
1 0.771783 0.267313 0.021583 0.060942
1 0.883693 0.302632 0.031175 0.076177
1 0.812950 0.366343 0.028777 0.065097
1 0.902478 0.370499 0.033573 0.059557
1 0.919265 0.306787 0.031974 0.067867