1 0.078472 0.564815 0.051767 0.112795
1 0.203780 0.270202 0.021364 0.038721
1 0.212818 0.295455 0.021364 0.042088
1 0.261298 0.242424 0.018077 0.040404
1 0.276910 0.250000 0.018077 0.048822
1 0.292112 0.220539 0.020542 0.047138
1 0.321282 0.236532 0.019721 0.055556
1 0.332786 0.220539 0.018077 0.050505
1 0.350041 0.205387 0.018077 0.040404
1 0.352917 0.272727 0.022186 0.053872
1 0.382909 0.257576 0.018077 0.043771
1 0.374692 0.198653 0.016434 0.040404
1 0.416598 0.199495 0.016434 0.038721
1 0.427280 0.303872 0.023007 0.052189
1 0.459326 0.255892 0.021364 0.043771
1 0.429334 0.171717 0.017256 0.040404
1 0.442071 0.168350 0.014790 0.023569
1 0.467543 0.179293 0.021364 0.042088
1 0.479458 0.159091 0.015612 0.038721
1 0.485620 0.210438 0.019721 0.037037
1 0.508217 0.177609 0.017256 0.038721
1 0.517256 0.166667 0.015612 0.037037
1 0.538209 0.234007 0.019721 0.047138
1 0.557108 0.214646 0.016434 0.042088
1 0.555053 0.164983 0.018899 0.043771
1 0.544371 0.143098 0.015612 0.033670
1 0.571898 0.140572 0.014790 0.035354
1 0.588332 0.131313 0.014790 0.037037
1 0.575596 0.179293 0.018899 0.042088
1 0.595727 0.159933 0.014790 0.030303
1 0.604355 0.182660 0.013969 0.035354
1 0.614215 0.203704 0.017256 0.047138
1 0.604766 0.301347 0.024651 0.057239
1 0.567790 0.343434 0.024651 0.050505
1 0.597371 0.384680 0.027938 0.065657
1 0.623254 0.137205 0.013969 0.038721
1 0.645440 0.150673 0.015612 0.035354
1 0.649548 0.187710 0.015612 0.038721
1 0.660230 0.136364 0.013969 0.033670
1 0.685703 0.145623 0.013969 0.031987
1 0.679540 0.164141 0.014790 0.042088
1 0.706656 0.159091 0.014790 0.035354
1 0.691865 0.220539 0.018077 0.043771
1 0.656532 0.260101 0.026294 0.055556
1 0.720624 0.266835 0.023007 0.042088
1 0.735415 0.235690 0.019721 0.040404
1 0.739113 0.201178 0.017256 0.038721
1 0.767461 0.191077 0.018077 0.042088
1 0.775267 0.209596 0.017256 0.045455
1 0.656122 0.404882 0.032046 0.055556
1 0.719803 0.414983 0.034511 0.065657
1 0.747740 0.289562 0.024651 0.047138
1 0.805670 0.197811 0.018899 0.035354
1 0.816763 0.232323 0.018077 0.040404
1 0.791290 0.264310 0.021364 0.053872
1 0.812243 0.304714 0.018899 0.057239
1 0.795399 0.441077 0.029581 0.077441
1 0.867297 0.489057 0.030403 0.079125
1 0.857436 0.378788 0.023829 0.060606
1 0.839359 0.223906 0.017256 0.040404
1 0.867297 0.239899 0.017256 0.035354
1 0.877157 0.229798 0.015612 0.038721
1 0.898932 0.261785 0.014790 0.042088
1 0.905916 0.240741 0.013969 0.033670
1 0.866886 0.318182 0.019721 0.050505
1 0.886606 0.300505 0.016434 0.042088
1 0.926048 0.336700 0.016434 0.050505
1 0.889482 0.397306 0.023829 0.053872
1 0.946179 0.390572 0.020542 0.057239
1 0.960148 0.447811 0.025472 0.077441
1 0.974117 0.373737 0.018899 0.047138
1 0.974117 0.344276 0.015612 0.045455
1 0.974528 0.316498 0.016434 0.040404
1 0.928513 0.276936 0.014790 0.042088
1 0.953985 0.256734 0.013147 0.042088
1 0.986853 0.263468 0.013147 0.038721