1 0.158621 0.462544 0.051232 0.092334
1 0.335468 0.228223 0.014778 0.034843
1 0.332512 0.196864 0.014778 0.031359
1 0.343842 0.204704 0.013793 0.029617
1 0.408867 0.206446 0.017734 0.033101
1 0.442365 0.222125 0.019704 0.033101
1 0.478325 0.223868 0.020690 0.036585
1 0.415764 0.181185 0.015764 0.031359
1 0.445813 0.184669 0.016749 0.031359
1 0.466995 0.198606 0.017734 0.034843
1 0.423153 0.157666 0.014778 0.026132
1 0.439409 0.161150 0.015764 0.026132
1 0.460099 0.145470 0.013793 0.022648
1 0.473892 0.151568 0.015764 0.031359
1 0.495567 0.162021 0.015764 0.034843
1 0.498522 0.141115 0.013793 0.024390
1 0.502463 0.126307 0.009852 0.026132
1 0.515271 0.137631 0.011823 0.027875
1 0.523153 0.122822 0.011823 0.026132
1 0.533498 0.139373 0.014778 0.027875
1 0.531527 0.160279 0.014778 0.031359
1 0.538424 0.186411 0.016749 0.031359
1 0.560099 0.164634 0.014778 0.026132
1 0.562562 0.147213 0.015764 0.026132
1 0.582759 0.115854 0.012808 0.026132
1 0.608374 0.102787 0.012808 0.020906
1 0.600985 0.123693 0.011823 0.031359
1 0.615271 0.121951 0.012808 0.024390
1 0.629557 0.108014 0.009852 0.027875
1 0.592118 0.148084 0.015764 0.031359
1 0.585714 0.173345 0.016749 0.036585
1 0.569458 0.241289 0.021675 0.047038
1 0.546798 0.296167 0.027586 0.062718
1 0.513300 0.291812 0.029557 0.054007
1 0.619212 0.152439 0.014778 0.033101
1 0.625123 0.208188 0.020690 0.050523
1 0.611823 0.270906 0.023645 0.047038
1 0.599015 0.305749 0.029557 0.067944
1 0.642365 0.134146 0.011823 0.020906
1 0.653695 0.111498 0.010837 0.024390
1 0.653202 0.142857 0.011823 0.027875
1 0.674877 0.119338 0.009852 0.022648
1 0.681773 0.129791 0.009852 0.026132
1 0.701970 0.133275 0.010837 0.026132
1 0.718227 0.150697 0.013793 0.033101
1 0.702956 0.166376 0.014778 0.033101
1 0.702463 0.192509 0.017734 0.036585
1 0.662562 0.222125 0.020690 0.043554
1 0.651724 0.200348 0.018719 0.041812
1 0.673892 0.278746 0.023645 0.045296
1 0.676847 0.322300 0.027586 0.066202
1 0.717734 0.237805 0.020690 0.054007
1 0.747291 0.130662 0.012808 0.031359
1 0.753202 0.127178 0.010837 0.024390
1 0.751232 0.153310 0.014778 0.031359
1 0.742365 0.176829 0.012808 0.036585
1 0.760099 0.192509 0.016749 0.036585
1 0.773892 0.141115 0.012808 0.031359
1 0.796059 0.175958 0.013793 0.031359
1 0.783744 0.209930 0.018719 0.036585
1 0.793596 0.288328 0.022660 0.057491
1 0.802956 0.271777 0.017734 0.048780
1 0.807882 0.207317 0.013793 0.038328
1 0.825123 0.181185 0.014778 0.038328
1 0.834975 0.162021 0.012808 0.034843
1 0.846305 0.192509 0.013793 0.040070
1 0.856650 0.182927 0.014778 0.034843
1 0.868473 0.158537 0.012808 0.034843
1 0.827586 0.230836 0.017734 0.043554
1 0.877833 0.149826 0.013793 0.024390
1 0.908867 0.168118 0.012808 0.033101
1 0.901970 0.179443 0.010837 0.024390
1 0.896059 0.195993 0.014778 0.033101
1 0.886207 0.202091 0.014778 0.031359
1 0.874877 0.244774 0.019704 0.054007
1 0.865025 0.273519 0.019704 0.052265
1 0.839901 0.315331 0.024631 0.052265
1 0.828079 0.358885 0.024631 0.066202
1 0.752709 0.341463 0.027586 0.066202
1 0.909360 0.335366 0.019704 0.057491
1 0.926601 0.310105 0.020690 0.055749
1 0.922167 0.254355 0.021675 0.048780
1 0.920690 0.229094 0.018719 0.040070
1 0.941379 0.207317 0.014778 0.031359
1 0.934975 0.180314 0.013793 0.036585