1 0.425926 0.276650 0.025341 0.045685
1 0.454678 0.220812 0.018519 0.035533
1 0.423489 0.219966 0.016569 0.033841
1 0.403021 0.199662 0.014620 0.030457
1 0.343567 0.231810 0.016569 0.027073
1 0.316277 0.232657 0.016569 0.028765
1 0.476121 0.165821 0.016569 0.030457
1 0.477583 0.189509 0.017544 0.030457
1 0.491228 0.210660 0.017544 0.032149
1 0.534600 0.213198 0.018519 0.033841
1 0.527290 0.147208 0.013645 0.027073
1 0.558480 0.147208 0.013645 0.027073
1 0.588694 0.159898 0.013645 0.028765
1 0.596979 0.153976 0.012671 0.020305
1 0.604288 0.267343 0.021442 0.043993
1 0.656920 0.266497 0.021442 0.049069
1 0.674951 0.215736 0.018519 0.038917
1 0.661306 0.185279 0.018519 0.038917
1 0.728558 0.082064 0.016569 0.028765
1 0.746589 0.153976 0.013645 0.033841
1 0.767057 0.086294 0.011696 0.023689
1 0.781676 0.165821 0.013645 0.030457
1 0.797271 0.187817 0.013645 0.033841
1 0.767544 0.238579 0.020468 0.040609
1 0.729532 0.266497 0.022417 0.045685
1 0.796784 0.276650 0.026316 0.052453
1 0.827485 0.096447 0.013645 0.027073
1 0.856725 0.098139 0.013645 0.027073
1 0.858674 0.184433 0.017544 0.033841
1 0.844542 0.212352 0.018519 0.038917
1 0.817251 0.186971 0.014620 0.028765
1 0.890351 0.225042 0.016569 0.037225
1 0.980994 0.154822 0.016569 0.045685