0 0.893029 0.480723 0.084135 0.093976
0 0.741587 0.459036 0.064904 0.074699
0 0.701923 0.401205 0.057692 0.060241
1 0.669471 0.471084 0.055288 0.069880
0 0.570913 0.477108 0.069712 0.091566
0 0.570913 0.326506 0.060096 0.065060
0 0.472356 0.308434 0.055288 0.057831
0 0.500000 0.368675 0.062500 0.072289
0 0.521635 0.439759 0.067308 0.074699
0 0.403846 0.459036 0.072115 0.084337
1 0.346154 0.361446 0.038462 0.048193
0 0.312500 0.336145 0.052885 0.065060
0 0.245192 0.340964 0.052885 0.055422
1 0.298077 0.432530 0.038462 0.050602
0 0.206731 0.378313 0.057692 0.057831
0 0.169471 0.419277 0.064904 0.072289
0 0.106971 0.466265 0.069712 0.079518
0 0.231971 0.453012 0.074519 0.077108
0 0.473558 0.028916 0.052885 0.053012