1 0.044462 0.221368 0.012935 0.035897
1 0.118836 0.204274 0.017785 0.035897
1 0.153193 0.148718 0.012126 0.034188
1 0.158448 0.176923 0.012935 0.032479
1 0.182296 0.194017 0.015360 0.035897
1 0.173403 0.260684 0.018593 0.046154
1 0.053355 0.405128 0.019402 0.068376
1 0.074373 0.476068 0.022635 0.063248
1 0.131366 0.588034 0.029911 0.071795
1 0.204931 0.470940 0.023444 0.056410
1 0.208569 0.335043 0.021019 0.054701
1 0.240905 0.287179 0.019402 0.051282
1 0.208569 0.118803 0.014551 0.032479
1 0.253032 0.121368 0.014551 0.030769
1 0.294665 0.147863 0.013743 0.039316
1 0.287793 0.192308 0.014551 0.042735
1 0.305982 0.223932 0.015360 0.041026
1 0.354082 0.217949 0.016168 0.042735
1 0.359741 0.082051 0.011318 0.030769
1 0.388844 0.093162 0.012935 0.029060
1 0.377526 0.170940 0.014551 0.037607
1 0.427648 0.076068 0.011318 0.032479
1 0.421584 0.172650 0.013743 0.030769
1 0.463622 0.132479 0.013743 0.032479
1 0.479386 0.123077 0.016168 0.030769
1 0.464026 0.164957 0.012935 0.029060
1 0.473323 0.211111 0.015360 0.042735
1 0.506063 0.169231 0.012935 0.037607
1 0.554163 0.156410 0.015360 0.039316
1 0.504042 0.097436 0.010509 0.023932
1 0.480598 0.074359 0.012126 0.025641
1 0.539208 0.076068 0.011318 0.029060
1 0.454729 0.269231 0.018593 0.049573
1 0.547292 0.292308 0.017785 0.054701
1 0.530719 0.452991 0.021827 0.071795
1 0.570736 0.194017 0.014551 0.039316
1 0.610752 0.232479 0.013743 0.041026
1 0.682296 0.335043 0.017785 0.047863
1 0.701293 0.258974 0.016977 0.039316
1 0.571948 0.095726 0.012126 0.027350
1 0.584479 0.120513 0.011318 0.032479
1 0.619644 0.111966 0.012126 0.029060
1 0.652789 0.149573 0.013743 0.029060
1 0.704931 0.200855 0.012935 0.035897
1 0.727971 0.216239 0.016977 0.032479
1 0.774050 0.202564 0.013743 0.032479
1 0.811641 0.221368 0.014551 0.035897
1 0.854082 0.267521 0.015360 0.039316
1 0.869442 0.291453 0.015360 0.039316
1 0.924818 0.358120 0.016168 0.049573
1 0.783751 0.358974 0.021827 0.047863