1 0.134692 0.542980 0.042366 0.085960
1 0.794165 0.542264 0.032774 0.081662
1 0.694644 0.500000 0.038369 0.080229
1 0.624700 0.491404 0.031175 0.074499
1 0.567546 0.449857 0.031974 0.068768
1 0.498401 0.486390 0.031175 0.055874
1 0.472422 0.391117 0.028777 0.057307
1 0.324141 0.376074 0.023181 0.047278
1 0.284572 0.366046 0.020783 0.047278
1 0.257394 0.347421 0.019185 0.047278
1 0.215028 0.366762 0.017586 0.037249
1 0.292166 0.305874 0.016787 0.038682
1 0.348521 0.305874 0.017586 0.032951
1 0.346523 0.344556 0.018385 0.041547
1 0.403677 0.341691 0.022382 0.041547
1 0.401679 0.302292 0.016787 0.034384
1 0.383693 0.277937 0.015987 0.031519
1 0.401279 0.276504 0.014388 0.031519
1 0.429257 0.277221 0.015987 0.032951
1 0.421663 0.254298 0.013589 0.035817
1 0.429257 0.316619 0.017586 0.037249
1 0.455236 0.340258 0.019984 0.041547
1 0.453237 0.274355 0.014388 0.030086
1 0.483213 0.278653 0.015188 0.032951
1 0.518785 0.274355 0.014388 0.035817
1 0.521583 0.362464 0.024780 0.045845
1 0.585132 0.374642 0.019185 0.058739
1 0.446043 0.252149 0.014388 0.028653
1 0.544764 0.286533 0.013589 0.034384
1 0.511191 0.257163 0.008793 0.024355
1 0.511191 0.242120 0.013589 0.028653
1 0.526779 0.254298 0.011191 0.032951
1 0.462030 0.243553 0.012790 0.025788
1 0.543565 0.229943 0.012790 0.024355
1 0.559552 0.226361 0.011191 0.022923
1 0.555955 0.276504 0.013589 0.031519
1 0.563949 0.247851 0.011990 0.031519
1 0.584333 0.252865 0.012790 0.032951
1 0.589129 0.214900 0.011191 0.028653
1 0.612710 0.219198 0.011990 0.025788
1 0.586331 0.236390 0.013589 0.022923
1 0.625899 0.255731 0.012790 0.030086
1 0.637490 0.222063 0.010392 0.025788
1 0.644285 0.236390 0.012790 0.034384
1 0.587930 0.325215 0.021583 0.048711
1 0.618305 0.312321 0.018385 0.034384
1 0.634293 0.346705 0.019984 0.042980
1 0.628297 0.401146 0.023981 0.048711
1 0.680655 0.358166 0.019984 0.042980
1 0.728217 0.410458 0.025580 0.055874
1 0.759792 0.449140 0.026379 0.064470
1 0.666667 0.320201 0.019185 0.038682
1 0.655476 0.286533 0.014388 0.037249
1 0.663869 0.231375 0.015188 0.030086
1 0.692646 0.250716 0.013589 0.034384
1 0.690647 0.303725 0.017586 0.040115
1 0.722222 0.257163 0.013589 0.035817
1 0.729017 0.244269 0.012790 0.032951
1 0.749400 0.270057 0.011990 0.030086
1 0.763389 0.267192 0.012790 0.035817
1 0.764988 0.247135 0.012790 0.030086
1 0.738609 0.313754 0.015987 0.040115
1 0.794564 0.249284 0.012790 0.028653
1 0.823741 0.265759 0.013589 0.030086
1 0.837730 0.271490 0.012790 0.035817
1 0.852118 0.262178 0.012790 0.034384
1 0.877298 0.282951 0.013589 0.032951
1 0.912470 0.270057 0.011990 0.035817
1 0.796563 0.280802 0.011990 0.028653
1 0.800560 0.309456 0.015188 0.037249
1 0.827338 0.317335 0.012790 0.035817
1 0.871703 0.329513 0.015188 0.040115
1 0.914468 0.312321 0.014388 0.031519
1 0.898481 0.318768 0.014388 0.041547
1 0.909273 0.354585 0.015188 0.050143
1 0.897682 0.413324 0.020783 0.061605
1 0.852518 0.371060 0.018385 0.048711
1 0.808953 0.348138 0.019185 0.048711
1 0.795364 0.357450 0.020783 0.047278
1 0.835731 0.403295 0.023181 0.044413
1 0.904077 0.483524 0.027178 0.070201
1 0.824540 0.453438 0.027978 0.058739