1 0.884615 0.487981 0.028846 0.043269
1 0.825721 0.501202 0.036058 0.040865
1 0.786058 0.478365 0.028846 0.033654
1 0.753606 0.512019 0.026442 0.033654
1 0.703125 0.503606 0.026442 0.036058
1 0.657452 0.498798 0.031250 0.036058
1 0.610577 0.486779 0.024038 0.036058
1 0.567308 0.497596 0.028846 0.033654
1 0.509615 0.510817 0.028846 0.040865
1 0.441106 0.481971 0.031250 0.040865
1 0.365385 0.496394 0.033654 0.040865
1 0.288462 0.496394 0.033654 0.045673
1 0.234375 0.506010 0.040865 0.045673
1 0.161058 0.491587 0.038462 0.045673