1 0.101660 0.222527 0.010373 0.027473
1 0.186722 0.354396 0.037344 0.082418
1 0.208506 0.322344 0.033195 0.073260
1 0.366183 0.195971 0.016598 0.029304
1 0.410788 0.105311 0.012448 0.027473
1 0.417012 0.097070 0.008299 0.018315
1 0.423237 0.090659 0.006224 0.016484
1 0.406639 0.209707 0.024896 0.053114
1 0.449170 0.174908 0.014523 0.031136
1 0.467842 0.179487 0.014523 0.032967
1 0.939834 0.190476 0.010373 0.021978
1 0.935166 0.169414 0.011411 0.027473
1 0.947614 0.173077 0.009336 0.020147
1 0.912344 0.182234 0.011411 0.027473
1 0.872925 0.152015 0.013485 0.040293
1 0.849585 0.148352 0.014523 0.036630
1 0.881224 0.158425 0.011411 0.020147
1 0.775415 0.128205 0.009336 0.025641
1 0.789938 0.388278 0.042531 0.106227
1 0.604772 0.119963 0.018672 0.038462
1 0.686722 0.067766 0.010373 0.021978
1 0.653527 0.073260 0.010373 0.021978
1 0.637448 0.071429 0.011411 0.021978
1 0.613071 0.073260 0.010373 0.021978
1 0.594398 0.060440 0.012448 0.021978
1 0.560166 0.075092 0.012448 0.018315
1 0.547199 0.064103 0.009336 0.014652
1 0.530602 0.065018 0.007261 0.016484
1 0.641079 0.214286 0.016598 0.029304