1 0.199681 0.410714 0.044728 0.090000
1 0.276757 0.263571 0.018371 0.030000
1 0.290335 0.254286 0.018371 0.034286
1 0.322684 0.257857 0.015974 0.041429
1 0.343850 0.277143 0.019968 0.042857
1 0.382987 0.267857 0.023163 0.044286
1 0.410543 0.263571 0.022364 0.050000
1 0.309505 0.227857 0.019968 0.035714
1 0.333067 0.222857 0.017572 0.037143
1 0.414537 0.221429 0.019169 0.045714
1 0.434904 0.224286 0.018371 0.042857
1 0.511981 0.298571 0.022364 0.054286
1 0.485623 0.229286 0.020767 0.050000
1 0.402556 0.191429 0.017572 0.037143
1 0.423323 0.173571 0.017572 0.035714
1 0.452875 0.144286 0.014377 0.034286
1 0.470447 0.152857 0.014377 0.031429
1 0.501997 0.187857 0.015176 0.032857
1 0.500799 0.126429 0.012780 0.027143
1 0.519569 0.146429 0.015176 0.027143
1 0.523562 0.120000 0.015176 0.025714
1 0.539936 0.170000 0.015974 0.031429
1 0.548323 0.194286 0.015176 0.037143
1 0.570687 0.167143 0.019968 0.037143
1 0.564297 0.131429 0.015176 0.031429
1 0.595048 0.145714 0.014377 0.034286
1 0.593850 0.112143 0.013578 0.032857
1 0.616613 0.149286 0.014377 0.032857
1 0.625000 0.130714 0.013578 0.032857
1 0.648562 0.116429 0.012780 0.032857
1 0.668530 0.118571 0.014377 0.031429
1 0.552716 0.300000 0.030351 0.057143
1 0.576278 0.246429 0.021565 0.047143
1 0.611821 0.250714 0.023962 0.052857
1 0.630990 0.205000 0.019169 0.044286
1 0.654553 0.167143 0.019968 0.042857
1 0.670128 0.197857 0.019169 0.041429
1 0.652556 0.265714 0.025559 0.048571
1 0.703275 0.310000 0.029553 0.065714
1 0.720447 0.262857 0.023962 0.060000
1 0.701278 0.231429 0.019169 0.048571
1 0.680112 0.164286 0.016773 0.031429
1 0.708466 0.182857 0.019169 0.037143
1 0.722045 0.150714 0.017572 0.044286
1 0.746006 0.192143 0.019169 0.047143
1 0.749601 0.235714 0.019968 0.048571
1 0.749201 0.348571 0.033546 0.068571
1 0.801917 0.293571 0.020767 0.061429
1 0.821486 0.248571 0.021565 0.054286
1 0.860224 0.292143 0.022364 0.064286
1 0.872604 0.250000 0.021565 0.054286
1 0.882588 0.220714 0.017572 0.050000
1 0.889377 0.191429 0.016773 0.040000
1 0.880192 0.144286 0.014377 0.031429
1 0.914537 0.265000 0.019169 0.055714
1 0.784345 0.210000 0.017572 0.037143
1 0.765575 0.179286 0.016773 0.038571
1 0.768371 0.139286 0.014377 0.032857
1 0.786741 0.146429 0.014377 0.035714
1 0.807109 0.168571 0.016773 0.042857
1 0.820288 0.152143 0.015974 0.041429
1 0.843850 0.181429 0.018371 0.042857
1 0.833466 0.154286 0.013578 0.025714