1 0.978844 0.299263 0.029928 0.071823
1 0.976264 0.226519 0.024768 0.062615
1 0.855521 0.299263 0.028896 0.068140
1 0.847781 0.253223 0.019608 0.031308
1 0.856037 0.211786 0.015480 0.033149
1 0.826625 0.221915 0.020640 0.042357
1 0.801858 0.242173 0.018576 0.049724
1 0.721362 0.268877 0.020640 0.044199
1 0.624871 0.109576 0.017544 0.034991
1 0.577399 0.116943 0.017544 0.031308
1 0.616099 0.152855 0.020640 0.025783
1 0.674407 0.192449 0.021672 0.034991
1 0.432405 0.223757 0.016512 0.034991
1 0.469556 0.224678 0.020640 0.036832