1 0.068651 0.535242 0.048413 0.104258
1 0.263889 0.222467 0.021429 0.036711
1 0.316667 0.207783 0.017460 0.033774
1 0.319841 0.182819 0.019048 0.039648
1 0.344048 0.200441 0.018254 0.045521
1 0.362302 0.188693 0.019841 0.036711
1 0.373810 0.170338 0.015873 0.035242
1 0.417063 0.159325 0.018254 0.042584
1 0.403571 0.207048 0.016667 0.038179
1 0.371032 0.235683 0.026190 0.048458
1 0.442063 0.267254 0.023810 0.046990
1 0.436508 0.176946 0.019048 0.042584
1 0.459921 0.149780 0.018254 0.032305
1 0.476587 0.130690 0.015079 0.026432
1 0.483333 0.146109 0.017460 0.033774
1 0.503968 0.132159 0.014286 0.026432
1 0.500794 0.182819 0.017460 0.036711
1 0.480952 0.204846 0.019048 0.039648
1 0.533730 0.192364 0.018254 0.035242
1 0.537698 0.140235 0.019841 0.036711
1 0.560317 0.140235 0.015873 0.033774
1 0.562302 0.113803 0.016667 0.030837
1 0.581746 0.123348 0.019048 0.032305
1 0.600397 0.113069 0.016667 0.029369
1 0.612302 0.154185 0.011905 0.032305
1 0.597619 0.171806 0.015873 0.035242
1 0.621429 0.171072 0.015873 0.036711
1 0.621032 0.135830 0.019841 0.033774
1 0.636905 0.108664 0.015079 0.038179
1 0.653571 0.118209 0.011905 0.033774
1 0.654762 0.161527 0.012698 0.032305
1 0.656349 0.221733 0.019048 0.052863
1 0.616270 0.250367 0.026190 0.042584
1 0.567857 0.304699 0.023016 0.060206
1 0.608333 0.324523 0.024603 0.055800
1 0.663492 0.350954 0.026984 0.055800
1 0.672619 0.121145 0.013492 0.033774
1 0.687302 0.135830 0.017460 0.033774
1 0.718651 0.134361 0.015079 0.036711
1 0.715873 0.185022 0.017460 0.032305
1 0.717857 0.234949 0.018254 0.052863
1 0.742063 0.174743 0.019048 0.038179
1 0.762302 0.171072 0.016667 0.036711
1 0.782143 0.149046 0.015079 0.030837
1 0.781746 0.181351 0.015873 0.039648
1 0.746825 0.207048 0.020635 0.044053
1 0.767857 0.246696 0.018254 0.044053
1 0.723810 0.363436 0.026984 0.063142
1 0.809921 0.171072 0.018254 0.036711
1 0.833730 0.188693 0.015079 0.036711
1 0.817063 0.207783 0.016667 0.042584
1 0.800794 0.223935 0.019048 0.048458
1 0.818651 0.262115 0.021429 0.054332
1 0.801984 0.397210 0.027778 0.074890
1 0.856746 0.456681 0.027778 0.070485
1 0.867460 0.316446 0.020635 0.051395
1 0.893254 0.360499 0.023016 0.060206
1 0.874603 0.199706 0.014286 0.038179
1 0.869841 0.215125 0.015873 0.036711
1 0.890873 0.250367 0.016667 0.045521
1 0.907540 0.214391 0.013492 0.035242
1 0.910317 0.196769 0.015873 0.038179
1 0.946429 0.205580 0.013492 0.035242
1 0.937698 0.232746 0.015079 0.036711
1 0.924206 0.296623 0.018254 0.055800
1 0.945238 0.334068 0.020635 0.060206
1 0.980556 0.225404 0.011905 0.027900
1 0.976587 0.256975 0.011905 0.035242
1 0.977381 0.282673 0.013492 0.036711
1 0.979365 0.319383 0.014286 0.045521
1 0.954365 0.407489 0.019841 0.063142