1 0.708241 0.292899 0.033408 0.065089
1 0.879176 0.267258 0.018931 0.041420
1 0.884187 0.233728 0.020045 0.037475
1 0.922049 0.267258 0.017817 0.033531
1 0.937639 0.223866 0.013363 0.033531
1 0.944321 0.175542 0.013363 0.031558
1 0.913140 0.179487 0.013363 0.031558
1 0.902004 0.214004 0.011136 0.025641
1 0.854120 0.198225 0.017817 0.037475
1 0.885301 0.156805 0.013363 0.029586
1 0.861915 0.145957 0.013363 0.027613
1 0.833519 0.137081 0.012249 0.021696
1 0.837416 0.166667 0.015590 0.029586
1 0.816815 0.188363 0.014477 0.037475
1 0.804009 0.165680 0.015590 0.027613
1 0.812361 0.156805 0.016704 0.029586
1 0.799555 0.135108 0.015590 0.029586
1 0.783408 0.153846 0.016704 0.035503
1 0.762249 0.137081 0.010022 0.029586
1 0.743875 0.148915 0.015590 0.025641
1 0.738864 0.173570 0.016704 0.031558
1 0.768931 0.179487 0.012249 0.027613
1 0.782851 0.206114 0.017817 0.045365
1 0.718820 0.152860 0.012249 0.025641
1 0.696548 0.169625 0.014477 0.031558
1 0.714922 0.194280 0.015590 0.025641
1 0.727728 0.219921 0.018931 0.037475
1 0.664254 0.195266 0.018931 0.035503
1 0.657572 0.238659 0.021158 0.043393
1 0.638085 0.208087 0.020045 0.041420
1 0.595768 0.221893 0.020045 0.041420
1 0.628619 0.171598 0.016704 0.035503
1 0.664811 0.138067 0.015590 0.031558
1 0.668151 0.119329 0.013363 0.017751
1 0.688753 0.108481 0.012249 0.027613
1 0.711581 0.116371 0.013363 0.015779
1 0.624165 0.105523 0.010022 0.013807
1 0.629733 0.124260 0.010022 0.023669
1 0.595212 0.136095 0.012249 0.027613
1 0.586303 0.117357 0.012249 0.017751
1 0.574053 0.142998 0.016704 0.029586
1 0.546214 0.137081 0.012249 0.025641
1 0.526169 0.124260 0.012249 0.023669
1 0.506682 0.127219 0.013363 0.021696
1 0.487194 0.137081 0.014477 0.021696
1 0.474944 0.131164 0.012249 0.021696
1 0.477171 0.153846 0.014477 0.023669
1 0.469376 0.172584 0.012249 0.025641
1 0.501670 0.190335 0.018931 0.029586
1 0.457127 0.210059 0.016704 0.037475
1 0.440423 0.168639 0.014477 0.029586
1 0.447105 0.145957 0.012249 0.027613
1 0.432628 0.153846 0.012249 0.023669
1 0.419265 0.173570 0.014477 0.031558
1 0.376949 0.182446 0.014477 0.025641
1 0.368040 0.202170 0.016704 0.029586
1 0.325724 0.214990 0.016704 0.023669
1 0.539532 0.225838 0.018931 0.029586
1 0.507795 0.156805 0.017817 0.017751
1 0.543987 0.187377 0.016704 0.027613
1 0.574610 0.189349 0.020045 0.027613