1 0.072568 0.546463 0.052632 0.091540
1 0.220494 0.340499 0.018341 0.031900
1 0.250797 0.364771 0.023126 0.041609
1 0.285486 0.359223 0.020734 0.041609
1 0.286284 0.302358 0.017544 0.033287
1 0.335327 0.354369 0.019936 0.048544
1 0.349282 0.322469 0.015949 0.034674
1 0.354067 0.291956 0.015949 0.034674
1 0.390351 0.263523 0.015152 0.030513
1 0.402711 0.276699 0.015949 0.031900
1 0.406699 0.291262 0.014354 0.033287
1 0.407496 0.332178 0.019139 0.040222
1 0.383971 0.319695 0.021531 0.037448
1 0.445375 0.337725 0.019936 0.037448
1 0.436204 0.300971 0.019139 0.038835
1 0.460925 0.308599 0.023923 0.040222
1 0.421053 0.245492 0.014354 0.024965
1 0.447767 0.256588 0.013557 0.033287
1 0.449761 0.245492 0.014354 0.027739
1 0.465710 0.231623 0.012759 0.022191
1 0.472488 0.259362 0.016746 0.027739
1 0.496411 0.257975 0.015152 0.027739
1 0.504785 0.245492 0.011164 0.024965
1 0.516746 0.239945 0.015949 0.027739
1 0.521930 0.263523 0.016746 0.036061
1 0.504785 0.311373 0.020734 0.037448
1 0.542663 0.240638 0.013557 0.029126
1 0.551435 0.219140 0.010367 0.022191
1 0.566188 0.235090 0.012759 0.026352
1 0.568182 0.217060 0.015152 0.020804
1 0.561802 0.257975 0.015152 0.027739
1 0.551435 0.272538 0.015152 0.029126
1 0.593700 0.216366 0.010367 0.024965
1 0.595694 0.247573 0.014354 0.026352
1 0.605662 0.203190 0.010367 0.023578
1 0.618820 0.208044 0.012759 0.024965
1 0.628389 0.237171 0.012759 0.027739
1 0.641148 0.212899 0.012759 0.023578
1 0.462121 0.404993 0.031100 0.058252
1 0.534290 0.394591 0.027113 0.048544
1 0.554625 0.343967 0.019936 0.047157
1 0.593301 0.311373 0.019139 0.040222
1 0.573365 0.423024 0.031898 0.069348
1 0.577352 0.405687 0.027113 0.048544
1 0.631180 0.450069 0.034290 0.062413
1 0.624402 0.287795 0.015949 0.037448
1 0.662281 0.225381 0.011962 0.026352
1 0.671850 0.223994 0.013557 0.026352
1 0.667065 0.258669 0.015152 0.034674
1 0.695774 0.253121 0.013557 0.034674
1 0.711324 0.276006 0.015949 0.033287
1 0.720893 0.259362 0.014354 0.036061
1 0.727671 0.239945 0.013557 0.027739
1 0.734848 0.233010 0.015152 0.024965
1 0.647129 0.325936 0.021531 0.038835
1 0.656699 0.355062 0.024721 0.052705
1 0.677033 0.341193 0.023923 0.049931
1 0.733652 0.399445 0.028708 0.049931
1 0.775518 0.401526 0.023126 0.048544
1 0.766746 0.229542 0.015152 0.034674
1 0.787879 0.255895 0.014354 0.023578
1 0.761962 0.260749 0.015152 0.033287
1 0.785486 0.296117 0.015949 0.040222
1 0.740829 0.278086 0.019139 0.040222
1 0.748804 0.259362 0.011164 0.030513
1 0.811005 0.271845 0.015949 0.033287
1 0.824163 0.256588 0.010367 0.024965
1 0.835726 0.271845 0.012759 0.036061
1 0.846890 0.268377 0.012759 0.037448
1 0.858453 0.257282 0.010367 0.034674
1 0.877193 0.278086 0.011164 0.031900
1 0.920255 0.259362 0.012759 0.033287
1 0.915072 0.303051 0.013557 0.031900
1 0.909490 0.336338 0.019936 0.037448
1 0.909091 0.350902 0.019139 0.044383
1 0.905502 0.389043 0.019936 0.051318
1 0.874801 0.321082 0.015949 0.037448
1 0.828150 0.307212 0.018341 0.034674
1 0.803429 0.328017 0.018341 0.037448
1 0.861244 0.354369 0.020734 0.048544
1 0.846093 0.366852 0.022329 0.051318
1 0.794657 0.369626 0.019936 0.051318
1 0.829346 0.439667 0.023923 0.055479
1 0.891148 0.457698 0.023126 0.058252
1 0.706539 0.475728 0.033493 0.080444
1 0.790670 0.520804 0.032695 0.076283