0 0.645433 0.026442 0.074519 0.048077
0 0.897837 0.031250 0.055288 0.057692
0 0.895433 0.367788 0.050481 0.057692
0 0.837740 0.429087 0.045673 0.055288
0 0.645433 0.375000 0.055288 0.072115
0 0.405048 0.558894 0.040865 0.064904
0 0.537260 0.439904 0.016827 0.043269
0 0.513221 0.457933 0.045673 0.050481
0 0.509615 0.412260 0.048077 0.040865
0 0.468750 0.413462 0.024038 0.048077
0 0.436298 0.406250 0.050481 0.062500
0 0.352163 0.451923 0.079327 0.096154
0 0.287260 0.391827 0.069712 0.081731
0 0.241587 0.433894 0.026442 0.036058
0 0.203125 0.393029 0.069712 0.069712
0 0.137019 0.412260 0.048077 0.064904
0 0.091346 0.403846 0.043269 0.052885
0 0.026442 0.449519 0.019231 0.028846