0 0.606971 0.377404 0.103365 0.110577
1 0.506010 0.400240 0.031250 0.036058
0 0.695913 0.409856 0.026442 0.031250
0 0.722356 0.423077 0.031250 0.038462
0 0.772837 0.401442 0.050481 0.062500
0 0.854567 0.427885 0.055288 0.076923
0 0.929087 0.425481 0.021635 0.024038
0 0.963942 0.391827 0.043269 0.100962
0 0.385817 0.453125 0.069712 0.146635
0 0.150240 0.426683 0.079327 0.103365
0 0.094952 0.421875 0.055288 0.074519
0 0.771635 0.036058 0.057692 0.062500
0 0.723558 0.018029 0.033654 0.031250
0 0.693510 0.030048 0.031250 0.031250
0 0.608173 0.058894 0.105769 0.112981