1 0.121795 0.535503 0.045299 0.085799
1 0.219231 0.339497 0.016239 0.034024
1 0.249145 0.360207 0.021368 0.045858
1 0.274786 0.379438 0.023077 0.048817
1 0.274786 0.316568 0.017949 0.032544
1 0.331624 0.356509 0.023932 0.044379
1 0.350000 0.334320 0.016239 0.035503
1 0.347863 0.298077 0.017094 0.034024
1 0.405556 0.334320 0.021368 0.044379
1 0.386752 0.260355 0.017949 0.035503
1 0.408547 0.270710 0.015385 0.029586
1 0.425641 0.259615 0.013675 0.025148
1 0.441880 0.267012 0.015385 0.036982
1 0.445299 0.340976 0.022222 0.051775
1 0.403419 0.301775 0.020513 0.029586
1 0.467094 0.317308 0.019658 0.036982
1 0.465385 0.267012 0.016239 0.028107
1 0.468376 0.238905 0.017094 0.034024
1 0.508974 0.262574 0.014530 0.025148
1 0.502991 0.334320 0.023077 0.044379
1 0.526923 0.275888 0.016239 0.036982
1 0.549145 0.255178 0.014530 0.036982
1 0.534188 0.253698 0.015385 0.036982
1 0.555556 0.280325 0.020513 0.036982
1 0.521795 0.247781 0.014530 0.031065
1 0.561538 0.220414 0.013675 0.029586
1 0.573932 0.218195 0.016239 0.031065
1 0.607692 0.208580 0.013675 0.029586
1 0.610684 0.223373 0.011111 0.029586
1 0.632479 0.217456 0.013675 0.026627
1 0.645299 0.223373 0.013675 0.029586
1 0.640171 0.250000 0.015385 0.026627
1 0.606838 0.251479 0.015385 0.026627
1 0.582906 0.260355 0.015385 0.032544
1 0.575641 0.243343 0.012821 0.031065
1 0.608547 0.327663 0.022222 0.054734
1 0.681624 0.208580 0.014530 0.029586
1 0.693590 0.219675 0.014530 0.034024
1 0.684188 0.234467 0.014530 0.031065
1 0.678632 0.274408 0.017094 0.036982
1 0.640171 0.301036 0.020513 0.039941
1 0.686752 0.312870 0.019658 0.045858
1 0.712393 0.302515 0.019658 0.042899
1 0.716239 0.249260 0.015385 0.034024
1 0.748291 0.252219 0.014530 0.039941
1 0.754701 0.237426 0.017094 0.034024
1 0.794017 0.234467 0.015385 0.031065
1 0.787607 0.260355 0.014530 0.026627
1 0.796581 0.263314 0.015385 0.041420
1 0.785470 0.286243 0.018803 0.036982
1 0.826068 0.298077 0.017949 0.039941
1 0.823504 0.247041 0.016239 0.032544
1 0.834615 0.275148 0.016239 0.038462
1 0.860256 0.258136 0.011111 0.031065
1 0.870085 0.264793 0.011966 0.032544
1 0.875641 0.275888 0.016239 0.036982
1 0.896154 0.256657 0.012821 0.039941
1 0.914103 0.300296 0.012821 0.029586
1 0.957692 0.284024 0.016239 0.029586
1 0.951282 0.308432 0.011966 0.031065
1 0.947863 0.343935 0.020513 0.039941
1 0.905556 0.323225 0.016239 0.034024
1 0.858547 0.329142 0.014530 0.039941
1 0.885897 0.338757 0.017949 0.044379
1 0.950427 0.408284 0.020513 0.047337
1 0.925214 0.454142 0.024786 0.059172
1 0.867094 0.411982 0.021368 0.054734
1 0.825641 0.362426 0.020513 0.053254
1 0.832906 0.333580 0.016239 0.042899
1 0.853846 0.475592 0.023932 0.060651
1 0.779060 0.437130 0.029915 0.063609
1 0.730769 0.403107 0.025641 0.051775
1 0.701709 0.364645 0.022222 0.051775
1 0.655128 0.346154 0.021368 0.047337
1 0.665812 0.363905 0.025641 0.050296
1 0.617521 0.376479 0.028205 0.054734
1 0.541453 0.360207 0.023077 0.054734
1 0.479487 0.410503 0.025641 0.063609
1 0.521368 0.448225 0.034188 0.062130
1 0.591880 0.457840 0.029915 0.066568
1 0.641026 0.472633 0.037607 0.066568
1 0.710684 0.550296 0.036752 0.085799
1 0.820513 0.594675 0.035897 0.076923