1 0.431985 0.205691 0.022059 0.047154
1 0.462776 0.206504 0.021140 0.045528
1 0.612592 0.114634 0.017463 0.037398
1 0.654871 0.125203 0.013787 0.032520
1 0.625919 0.147154 0.016544 0.027642
1 0.664982 0.147154 0.015625 0.024390
1 0.755974 0.150407 0.015625 0.030894
1 0.772059 0.152846 0.016544 0.032520
1 0.872702 0.191057 0.015625 0.034146
1 0.943934 0.194309 0.016544 0.037398
1 0.895680 0.223577 0.017463 0.040650
1 0.894761 0.252846 0.019301 0.040650
1 0.922335 0.260976 0.021140 0.047154
1 0.828585 0.262602 0.021140 0.053659