1 0.107401 0.517730 0.049075 0.093617
1 0.232502 0.347518 0.020917 0.031206
1 0.294047 0.345390 0.015286 0.043972
1 0.298471 0.369504 0.017699 0.041135
1 0.335881 0.353901 0.023331 0.043972
1 0.290024 0.304965 0.016895 0.031206
1 0.359212 0.330496 0.016895 0.034043
1 0.361625 0.294326 0.018504 0.035461
1 0.382542 0.335461 0.018504 0.038298
1 0.417136 0.336879 0.020113 0.035461
1 0.397426 0.254610 0.016090 0.032624
1 0.421963 0.260993 0.013677 0.031206
1 0.409895 0.306383 0.018504 0.031206
1 0.439662 0.306383 0.021722 0.036879
1 0.450121 0.339716 0.024940 0.038298
1 0.469027 0.306383 0.019308 0.034043
1 0.446903 0.269504 0.016895 0.034043
1 0.455752 0.253901 0.013677 0.028369
1 0.469831 0.269504 0.014481 0.031206
1 0.467015 0.236879 0.012068 0.019858
1 0.495575 0.263830 0.016090 0.028369
1 0.538616 0.253191 0.015286 0.035461
1 0.515286 0.251064 0.012068 0.025532
1 0.518504 0.258865 0.015286 0.029787
1 0.510861 0.315603 0.019308 0.043972
1 0.517297 0.294326 0.014481 0.032624
1 0.552695 0.286525 0.019308 0.036879
1 0.549075 0.228369 0.016895 0.028369
1 0.565969 0.267376 0.018504 0.041135
1 0.573612 0.243972 0.012872 0.028369
1 0.571601 0.221986 0.013677 0.026950
1 0.596138 0.250355 0.012872 0.026950
1 0.600563 0.226950 0.012068 0.022695
1 0.609815 0.207801 0.012872 0.029787
1 0.624296 0.212766 0.014481 0.025532
1 0.631939 0.227660 0.013677 0.032624
1 0.639582 0.245390 0.017699 0.028369
1 0.659694 0.219149 0.012872 0.024113
1 0.669348 0.230496 0.011263 0.032624
1 0.679405 0.231206 0.012068 0.025532
1 0.672969 0.266667 0.015286 0.034043
1 0.630732 0.291489 0.017699 0.038298
1 0.647627 0.331206 0.020917 0.038298
1 0.594127 0.321986 0.021722 0.039716
1 0.604988 0.373050 0.025744 0.042553
1 0.646018 0.387943 0.030571 0.058156
1 0.702333 0.259574 0.014481 0.034043
1 0.728077 0.262411 0.012872 0.036879
1 0.736927 0.248936 0.012872 0.029787
1 0.745374 0.229787 0.013677 0.031206
1 0.773934 0.244681 0.012872 0.029787
1 0.765889 0.266667 0.014481 0.034043
1 0.761866 0.287234 0.016090 0.032624
1 0.719630 0.288652 0.016895 0.035461
1 0.802092 0.248227 0.012872 0.031206
1 0.829847 0.265248 0.012068 0.031206
1 0.850764 0.267376 0.013677 0.035461
1 0.864441 0.260993 0.013677 0.034043
1 0.854787 0.283688 0.013677 0.034043
1 0.889783 0.297163 0.014481 0.038298
1 0.921158 0.279433 0.012872 0.025532
1 0.923572 0.304965 0.011263 0.031206
1 0.928801 0.331206 0.016895 0.041135
1 0.921963 0.348227 0.011263 0.038298
1 0.876508 0.320567 0.015286 0.031206
1 0.839501 0.309220 0.013677 0.031206
1 0.808930 0.299291 0.015286 0.031206
1 0.810137 0.275177 0.016090 0.034043
1 0.810539 0.332624 0.020113 0.043972
1 0.863234 0.370922 0.019308 0.041135
1 0.895817 0.392199 0.021722 0.058156
1 0.905068 0.338298 0.012872 0.032624
1 0.900241 0.463830 0.027353 0.070922
1 0.852373 0.417730 0.024940 0.049645
1 0.833065 0.435461 0.021722 0.059574
1 0.795656 0.375887 0.020917 0.053901
1 0.694288 0.349645 0.020917 0.046809
1 0.678600 0.324113 0.021722 0.046809
1 0.731295 0.406383 0.024135 0.055319
1 0.772727 0.442553 0.026549 0.056738
1 0.669348 0.437589 0.033789 0.055319
1 0.711987 0.472340 0.030571 0.076596
1 0.810137 0.499291 0.028962 0.065248
1 0.500805 0.377305 0.026549 0.059574
1 0.533789 0.373759 0.026549 0.052482
1 0.543041 0.408511 0.030571 0.059574
1 0.611826 0.426241 0.032985 0.063830