1 0.188155 0.441121 0.053459 0.104673
1 0.339099 0.219626 0.017820 0.035514
1 0.330189 0.202804 0.018868 0.031776
1 0.349057 0.193458 0.018868 0.035514
1 0.408281 0.200935 0.022013 0.042991
1 0.421384 0.176636 0.018868 0.035514
1 0.446541 0.193458 0.023061 0.039252
1 0.443920 0.226168 0.026205 0.037383
1 0.476415 0.230841 0.024109 0.046729
1 0.472746 0.195327 0.023061 0.042991
1 0.439203 0.143925 0.016771 0.029907
1 0.463836 0.139252 0.015723 0.028037
1 0.463836 0.151402 0.015723 0.029907
1 0.479036 0.162617 0.020964 0.029907
1 0.492138 0.130841 0.011530 0.029907
1 0.500524 0.121495 0.013627 0.022430
1 0.511530 0.154206 0.020964 0.031776
1 0.536688 0.181308 0.018868 0.029907
1 0.535115 0.156075 0.017820 0.035514
1 0.536164 0.138318 0.013627 0.029907
1 0.545597 0.128037 0.013627 0.024299
1 0.522013 0.138318 0.012579 0.029907
1 0.557128 0.162617 0.013627 0.029907
1 0.573375 0.242991 0.023061 0.041121
1 0.519916 0.269159 0.023061 0.056075
1 0.552411 0.287850 0.025157 0.059813
1 0.575996 0.135514 0.015723 0.035514
1 0.586478 0.111215 0.013627 0.028037
1 0.612159 0.098131 0.010482 0.024299
1 0.616352 0.115888 0.012579 0.026168
1 0.633648 0.101869 0.009434 0.024299
1 0.658281 0.104673 0.010482 0.026168
1 0.654612 0.118692 0.011530 0.028037
1 0.656184 0.137383 0.012579 0.028037
1 0.622117 0.151402 0.013627 0.033645
1 0.626834 0.133645 0.012579 0.028037
1 0.595388 0.144860 0.014675 0.028037
1 0.586478 0.168224 0.013627 0.033645
1 0.675577 0.122430 0.009434 0.020561
1 0.699161 0.123364 0.012579 0.033645
1 0.720650 0.143925 0.013627 0.033645
1 0.710692 0.162617 0.014675 0.037383
1 0.702830 0.196262 0.017820 0.041121
1 0.671384 0.179439 0.017820 0.044860
1 0.668763 0.214953 0.018868 0.044860
1 0.625262 0.223364 0.024109 0.046729
1 0.624214 0.285981 0.030398 0.063551
1 0.661426 0.260748 0.020964 0.046729
1 0.686583 0.322430 0.031447 0.072897
1 0.738470 0.362617 0.030398 0.074766
1 0.725891 0.225234 0.022013 0.050467
1 0.755765 0.122430 0.012579 0.031776
1 0.753145 0.145794 0.013627 0.029907
1 0.748428 0.168224 0.010482 0.029907
1 0.769916 0.183178 0.015723 0.037383
1 0.767820 0.133645 0.011530 0.031776
1 0.785639 0.128972 0.013627 0.033645
1 0.788784 0.157944 0.017820 0.035514
1 0.783543 0.212150 0.022013 0.050467
1 0.807128 0.258879 0.018868 0.042991
1 0.800839 0.288785 0.023061 0.065421
1 0.836478 0.353271 0.029350 0.071028
1 0.843291 0.340187 0.024109 0.052336
1 0.865304 0.285047 0.022013 0.046729
1 0.842767 0.214019 0.016771 0.039252
1 0.809224 0.183178 0.014675 0.033645
1 0.825996 0.172897 0.014675 0.031776
1 0.840671 0.152336 0.014675 0.031776
1 0.852201 0.188785 0.014675 0.037383
1 0.866352 0.175701 0.015723 0.033645
1 0.874214 0.153271 0.014675 0.037383
1 0.898847 0.179439 0.011530 0.033645
1 0.908281 0.169159 0.011530 0.031776
1 0.914570 0.168224 0.011530 0.029907
1 0.886268 0.224299 0.015723 0.044860
1 0.943920 0.183178 0.011530 0.029907
1 0.942872 0.216822 0.013627 0.037383
1 0.929769 0.227103 0.016771 0.042991
1 0.926101 0.242056 0.015723 0.042991
1 0.923480 0.289720 0.020964 0.048598
1 0.915618 0.335514 0.017820 0.057944