1 0.342459 0.217577 0.020173 0.039249
1 0.344380 0.266212 0.025937 0.068259
1 0.402017 0.254266 0.025937 0.044369
1 0.417387 0.230375 0.018252 0.030717
1 0.441883 0.226109 0.023055 0.046075
1 0.490874 0.224403 0.017291 0.046075
1 0.482709 0.129693 0.014409 0.023891
1 0.508646 0.129693 0.012488 0.023891
1 0.522574 0.139932 0.015370 0.034130
1 0.513449 0.176621 0.018252 0.039249
1 0.542747 0.211604 0.019212 0.037543
1 0.587896 0.176621 0.021134 0.032423
1 0.580211 0.124573 0.013449 0.023891
1 0.605668 0.132253 0.016330 0.032423
1 0.628722 0.144198 0.014409 0.032423
1 0.579731 0.253413 0.020173 0.052901
1 0.644092 0.251706 0.024015 0.042662
1 0.637848 0.233788 0.021134 0.040956
1 0.674832 0.283276 0.024015 0.044369
1 0.732469 0.296075 0.025937 0.063140
1 0.674832 0.194539 0.018252 0.037543
1 0.697406 0.186007 0.017291 0.034130
1 0.735831 0.186860 0.019212 0.032423
1 0.732949 0.077645 0.015370 0.032423
1 0.743036 0.077645 0.014409 0.025597
1 0.764169 0.272184 0.025937 0.046075
1 0.812200 0.282423 0.024015 0.059727
1 0.851105 0.195392 0.017291 0.029010
1 0.843900 0.236348 0.016330 0.046075
1 0.869837 0.289249 0.022094 0.049488
1 0.856868 0.323379 0.026897 0.052901
1 0.921230 0.360068 0.021134 0.068259
1 0.938040 0.280717 0.018252 0.052901
1 0.937080 0.244881 0.014409 0.035836
1 0.891931 0.221843 0.020173 0.040956