1 0.039663 0.364183 0.040865 0.060096
1 0.128606 0.355769 0.060096 0.072115
1 0.222356 0.375000 0.040865 0.057692
1 0.354567 0.379808 0.050481 0.081731
1 0.402644 0.382212 0.031250 0.057692
1 0.478365 0.366587 0.048077 0.079327
1 0.579327 0.349760 0.067308 0.098558
1 0.881010 0.389423 0.088942 0.100962
1 0.769231 0.405048 0.048077 0.060096
1 0.817308 0.371394 0.043269 0.060096
1 0.885817 0.030048 0.074519 0.055288
1 0.822115 0.024038 0.052885 0.043269
1 0.578125 0.046875 0.069712 0.088942
1 0.481971 0.033654 0.060096 0.062500
1 0.354567 0.027644 0.060096 0.050481
1 0.224760 0.022837 0.050481 0.040865
1 0.133413 0.042067 0.069712 0.079327
1 0.042067 0.030048 0.050481 0.055288