1 0.191983 0.442486 0.042194 0.083488
1 0.306962 0.236549 0.021097 0.035250
1 0.343354 0.206865 0.020042 0.031540
1 0.408228 0.217996 0.016878 0.027829
1 0.442511 0.237477 0.020042 0.033395
1 0.483122 0.229128 0.021097 0.042672
1 0.414557 0.184601 0.016878 0.027829
1 0.441983 0.192950 0.016878 0.033395
1 0.420359 0.153989 0.017932 0.029685
1 0.424051 0.114100 0.016878 0.027829
1 0.468354 0.142857 0.012658 0.025974
1 0.479958 0.177180 0.014768 0.031540
1 0.487342 0.148423 0.012658 0.022263
1 0.506857 0.149351 0.013713 0.027829
1 0.515823 0.145640 0.008439 0.024119
1 0.525316 0.148423 0.014768 0.033395
1 0.543249 0.140074 0.014768 0.027829
1 0.562236 0.152134 0.014768 0.029685
1 0.545359 0.173469 0.016878 0.031540
1 0.558017 0.192950 0.014768 0.033395
1 0.564873 0.256030 0.026371 0.048237
1 0.498418 0.278293 0.026371 0.044527
1 0.598629 0.146568 0.017932 0.033395
1 0.626055 0.133581 0.015823 0.029685
1 0.574367 0.290353 0.028481 0.064935
1 0.635549 0.203154 0.022152 0.050093
1 0.614451 0.278293 0.024262 0.063080
1 0.626055 0.298701 0.028481 0.070501
1 0.671414 0.291280 0.026371 0.051948
1 0.674051 0.332096 0.031646 0.066790
1 0.663502 0.189239 0.018987 0.040816
1 0.672996 0.214286 0.016878 0.046382
1 0.707806 0.200371 0.018987 0.040816
1 0.704641 0.174397 0.018987 0.037106
1 0.724684 0.158627 0.014768 0.035250
1 0.738924 0.190167 0.015823 0.031540
1 0.723101 0.230983 0.022152 0.050093
1 0.808017 0.207792 0.018987 0.048237
1 0.837025 0.227273 0.017932 0.042672
1 0.814873 0.255102 0.017932 0.050093
1 0.802743 0.294991 0.021097 0.063080
1 0.871308 0.296846 0.016878 0.048237
1 0.868671 0.322820 0.020042 0.055659
1 0.902426 0.332096 0.024262 0.070501
1 0.896097 0.419295 0.030591 0.085343
1 0.930907 0.245826 0.017932 0.046382
1 0.904008 0.106679 0.012658 0.027829
1 0.921941 0.119666 0.016878 0.035250
1 0.972574 0.117811 0.012658 0.031540
1 0.973101 0.157699 0.015823 0.033395