1 0.218477 0.332770 0.024584 0.040541
1 0.120539 0.562500 0.042823 0.118243
1 0.234734 0.271959 0.014274 0.043919
1 0.285488 0.271115 0.019033 0.042230
1 0.289453 0.239865 0.019033 0.033784
1 0.319984 0.215372 0.021412 0.035473
1 0.342585 0.233108 0.020619 0.047297
1 0.362411 0.218750 0.015860 0.035473
1 0.375099 0.204392 0.017446 0.037162
1 0.402062 0.193412 0.015860 0.042230
1 0.386201 0.265203 0.022205 0.043919
1 0.409199 0.241554 0.015860 0.037162
1 0.440920 0.201014 0.015860 0.037162
1 0.449643 0.170608 0.014274 0.040541
1 0.467883 0.170608 0.017446 0.030405
1 0.487312 0.180743 0.018239 0.047297
1 0.503569 0.159628 0.014274 0.038851
1 0.531324 0.175676 0.020619 0.050676
1 0.562252 0.144426 0.015860 0.035473
1 0.585646 0.142736 0.015067 0.038851
1 0.608247 0.121622 0.014274 0.033784
1 0.640365 0.134291 0.015067 0.032095
1 0.670896 0.142736 0.012688 0.028716
1 0.697859 0.143581 0.015860 0.037162
1 0.718081 0.158784 0.013481 0.030405
1 0.670103 0.185811 0.015860 0.033784
1 0.685170 0.186655 0.017446 0.032095
1 0.617764 0.160473 0.020619 0.030405
1 0.620936 0.181588 0.015860 0.035473
1 0.630056 0.204392 0.016653 0.043919
1 0.672482 0.255912 0.020619 0.062500
1 0.705393 0.220439 0.018239 0.038851
1 0.585646 0.202703 0.018239 0.037162
1 0.565424 0.225507 0.017446 0.038851
1 0.508723 0.210304 0.018239 0.035473
1 0.482157 0.252534 0.020619 0.045608
1 0.447661 0.310811 0.024584 0.057432
1 0.754163 0.198480 0.014274 0.032095
1 0.779937 0.185811 0.016653 0.033784
1 0.786281 0.215372 0.015067 0.032095
1 0.814036 0.195101 0.016653 0.038851
1 0.804124 0.251689 0.017446 0.047297
1 0.825535 0.239020 0.017446 0.035473
1 0.848533 0.221284 0.015860 0.040541
1 0.868358 0.237331 0.012688 0.032095
1 0.882633 0.235642 0.014274 0.042230
1 0.911975 0.239865 0.015860 0.033784
1 0.906423 0.268581 0.017446 0.033784
1 0.954005 0.253378 0.014274 0.037162
1 0.987312 0.278716 0.014274 0.030405
1 0.980571 0.316723 0.013481 0.035473
1 0.972641 0.331081 0.016653 0.043919
1 0.977795 0.371622 0.017446 0.054054
1 0.952419 0.384291 0.020619 0.062500
1 0.932197 0.336149 0.015067 0.050676
1 0.934972 0.278716 0.014274 0.040541
1 0.892149 0.295608 0.020619 0.043919
1 0.876289 0.319257 0.020619 0.037162
1 0.866772 0.343750 0.019033 0.048986
1 0.822760 0.301520 0.019826 0.055743
1 0.760508 0.291385 0.022205 0.042230
1 0.749009 0.233953 0.021412 0.035473
1 0.731959 0.271959 0.020619 0.047297
1 0.622125 0.297297 0.022998 0.054054
1 0.588025 0.342061 0.024584 0.055743
1 0.616178 0.380068 0.025377 0.057432
1 0.665741 0.414696 0.026170 0.055743
1 0.735924 0.403716 0.025377 0.060811
1 0.803727 0.458615 0.029342 0.082770
1 0.862014 0.539696 0.028549 0.072635
1 0.888977 0.402872 0.023791 0.059122
1 0.964711 0.452703 0.026170 0.064189