1 0.159393 0.351082 0.045541 0.079867
1 0.259488 0.282030 0.018027 0.041597
1 0.297913 0.274542 0.020873 0.036606
1 0.315939 0.246256 0.020873 0.039933
1 0.328273 0.215474 0.015180 0.031614
1 0.349146 0.217138 0.017078 0.034942
1 0.366224 0.218802 0.013283 0.034942
1 0.372391 0.242097 0.014231 0.044925
1 0.384250 0.227121 0.015180 0.031614
1 0.388046 0.200499 0.018975 0.034942
1 0.415085 0.169717 0.014231 0.023295
1 0.428368 0.188852 0.016129 0.028286
1 0.436433 0.222130 0.015180 0.044925
1 0.450190 0.193012 0.018027 0.039933
1 0.459203 0.175541 0.015180 0.034942
1 0.457780 0.227953 0.019924 0.039933
1 0.473435 0.163062 0.015180 0.029950
1 0.481499 0.188852 0.012334 0.038270
1 0.493359 0.172213 0.015180 0.031614
1 0.500474 0.189684 0.014231 0.036606
1 0.522296 0.209651 0.019924 0.036606
1 0.479127 0.251248 0.022770 0.029950
1 0.490987 0.132280 0.012334 0.024958
1 0.530361 0.133111 0.013283 0.029950
1 0.554554 0.158902 0.014231 0.034942
1 0.583017 0.085691 0.012334 0.024958
1 0.603416 0.124792 0.015180 0.026622
1 0.579696 0.122296 0.013283 0.028286
1 0.575901 0.187188 0.018975 0.034942
1 0.583491 0.165557 0.017078 0.031614
1 0.622865 0.153910 0.019924 0.031614
1 0.636622 0.103161 0.013283 0.023295
1 0.652277 0.101498 0.014231 0.026622
1 0.677419 0.070715 0.015180 0.031614
1 0.630930 0.211314 0.020873 0.039933
1 0.574478 0.246256 0.019924 0.039933
1 0.490987 0.301997 0.033207 0.044925
1 0.540797 0.349418 0.028463 0.046589
1 0.600095 0.354409 0.029412 0.063228
1 0.674099 0.366889 0.029412 0.058236
1 0.614801 0.267055 0.024668 0.048253
1 0.666509 0.301997 0.025617 0.054908
1 0.673150 0.213810 0.019924 0.041597
1 0.673624 0.182196 0.018975 0.038270
1 0.695446 0.154742 0.017078 0.033278
1 0.701613 0.190516 0.018027 0.034942
1 0.697818 0.219634 0.021822 0.043261
1 0.752846 0.197171 0.018027 0.041597
1 0.736717 0.158070 0.018027 0.036606
1 0.755218 0.163062 0.013283 0.033278
1 0.724858 0.064060 0.015180 0.028286
1 0.785579 0.128952 0.013283 0.034942
1 0.804080 0.145591 0.012334 0.028286
1 0.829696 0.165557 0.014231 0.031614
1 0.815465 0.138103 0.012334 0.023295
1 0.842505 0.143927 0.013283 0.034942
1 0.798387 0.185524 0.019924 0.048253
1 0.857211 0.155574 0.014231 0.031614
1 0.869545 0.148918 0.014231 0.034942
1 0.875712 0.134775 0.013283 0.029950
1 0.906546 0.140599 0.010436 0.024958
1 0.902277 0.158070 0.013283 0.026622
1 0.899431 0.173045 0.015180 0.026622
1 0.892315 0.184692 0.016129 0.036606
1 0.935958 0.202995 0.016129 0.036606
1 0.942600 0.161398 0.014231 0.029950
1 0.853416 0.179700 0.014231 0.026622
1 0.883776 0.245424 0.019924 0.038270
1 0.926471 0.287022 0.023719 0.054908
1 0.821157 0.257072 0.019924 0.058236
1 0.754269 0.267055 0.024668 0.048253
1 0.727704 0.292013 0.026565 0.058236
1 0.798387 0.317804 0.023719 0.059900
1 0.507590 0.148918 0.015180 0.021631
1 0.793169 0.121464 0.013283 0.029950