1 0.090713 0.267308 0.021598 0.050000
1 0.152808 0.246154 0.020518 0.042308
1 0.177646 0.233654 0.024838 0.051923
1 0.313175 0.235577 0.021598 0.044231
1 0.361231 0.193269 0.016199 0.036538
1 0.431425 0.268269 0.020518 0.044231
1 0.416847 0.205769 0.019438 0.038462
1 0.448164 0.234615 0.021598 0.034615
1 0.446544 0.184615 0.020518 0.038462
1 0.485961 0.179808 0.021598 0.036538
1 0.460583 0.144231 0.016199 0.026923
1 0.546436 0.193269 0.019438 0.032692
1 0.551296 0.172115 0.018359 0.032692
1 0.627430 0.324038 0.025918 0.067308
1 0.671706 0.341346 0.030238 0.078846
1 0.638229 0.265385 0.021598 0.042308
1 0.672786 0.287500 0.023758 0.051923
1 0.629050 0.222115 0.022678 0.044231
1 0.667387 0.174038 0.019438 0.044231
1 0.672246 0.225000 0.020518 0.046154
1 0.732181 0.237500 0.021598 0.044231
1 0.813715 0.257692 0.024838 0.050000
1 0.869330 0.270192 0.021598 0.055769
1 0.633909 0.128846 0.015119 0.034615
1 0.933045 0.247115 0.017279 0.040385