1 0.198359 0.408076 0.041506 0.080756
1 0.262066 0.272337 0.014479 0.036082
1 0.296332 0.244845 0.013514 0.025773
1 0.301158 0.258591 0.013514 0.025773
1 0.324807 0.250000 0.014479 0.029210
1 0.324807 0.213058 0.014479 0.027491
1 0.343147 0.210481 0.012548 0.025773
1 0.355695 0.250000 0.016409 0.036082
1 0.384170 0.264605 0.019305 0.041237
1 0.417471 0.276632 0.020270 0.044674
1 0.383687 0.203608 0.014479 0.036082
1 0.407819 0.177835 0.012548 0.025773
1 0.419402 0.184708 0.014479 0.032646
1 0.438224 0.163230 0.013514 0.034364
1 0.460425 0.159794 0.013514 0.030928
1 0.465734 0.148625 0.010618 0.022337
1 0.478764 0.140893 0.013514 0.027491
1 0.482143 0.217354 0.016409 0.036082
1 0.430019 0.244845 0.020270 0.032646
1 0.498552 0.190722 0.018340 0.034364
1 0.507722 0.124570 0.011583 0.025773
1 0.523166 0.133162 0.013514 0.022337
1 0.527510 0.208763 0.018340 0.036082
1 0.559363 0.140893 0.010618 0.030928
1 0.578668 0.132302 0.014479 0.020619
1 0.588320 0.139175 0.012548 0.020619
1 0.600386 0.104811 0.013514 0.020619
1 0.624035 0.111684 0.012548 0.020619
1 0.627896 0.135739 0.014479 0.030928
1 0.613900 0.152921 0.017375 0.030928
1 0.646236 0.116838 0.014479 0.024055
1 0.665541 0.122852 0.012548 0.022337
1 0.654923 0.161512 0.018340 0.034364
1 0.618726 0.199313 0.017375 0.041237
1 0.571911 0.172680 0.014479 0.036082
1 0.537645 0.180412 0.019305 0.030928
1 0.502413 0.292955 0.022201 0.056701
1 0.552124 0.314433 0.027027 0.048110
1 0.573359 0.237973 0.021236 0.042955
1 0.608591 0.256014 0.022201 0.048110
1 0.657336 0.203608 0.019305 0.039519
1 0.668436 0.248282 0.018340 0.046392
1 0.682432 0.304983 0.025097 0.070447
1 0.704633 0.220790 0.015444 0.039519
1 0.723456 0.255155 0.020270 0.049828
1 0.742761 0.334192 0.031853 0.063574
1 0.778475 0.288660 0.022201 0.051546
1 0.748069 0.242268 0.017375 0.037801
1 0.746622 0.202749 0.018340 0.037801
1 0.717664 0.195017 0.018340 0.036082
1 0.696911 0.153780 0.015444 0.036082
1 0.730695 0.152062 0.013514 0.036082
1 0.748552 0.152921 0.016409 0.034364
1 0.772683 0.127148 0.012548 0.030928
1 0.766892 0.174399 0.010618 0.032646
1 0.802124 0.130584 0.013514 0.034364
1 0.793919 0.186426 0.016409 0.039519
1 0.811776 0.170962 0.015444 0.036082
1 0.798745 0.158076 0.014479 0.034364
1 0.840251 0.139175 0.012548 0.034364
1 0.874517 0.143471 0.013514 0.036082
1 0.846525 0.183849 0.015444 0.037801
1 0.840734 0.220790 0.019305 0.042955
1 0.822394 0.235395 0.019305 0.048110
1 0.894788 0.198454 0.017375 0.039519
1 0.882239 0.245704 0.019305 0.061856
1 0.917954 0.273196 0.019305 0.048110