1 0.163380 0.413079 0.048826 0.091060
1 0.189202 0.470199 0.051643 0.102649
1 0.302347 0.250828 0.016901 0.041391
1 0.309859 0.281457 0.020657 0.029801
1 0.343662 0.254967 0.022535 0.036424
1 0.420657 0.268212 0.024413 0.043046
1 0.506103 0.086921 0.013146 0.024834
1 0.534272 0.091887 0.013146 0.028146
1 0.558216 0.121689 0.014085 0.021523
1 0.612676 0.117550 0.014085 0.026490
1 0.575587 0.158940 0.015023 0.029801
1 0.548357 0.157285 0.018779 0.029801
1 0.523005 0.155629 0.016901 0.023179
1 0.487324 0.134106 0.015023 0.019868
1 0.470892 0.156457 0.017840 0.024834
1 0.495775 0.177152 0.016901 0.029801
1 0.433333 0.172185 0.017840 0.029801
1 0.387324 0.201159 0.023474 0.034768
1 0.446009 0.189570 0.018779 0.024834
1 0.421596 0.220199 0.022535 0.029801
1 0.443662 0.234272 0.023474 0.034768
1 0.466197 0.211921 0.017840 0.023179
1 0.476056 0.197020 0.016901 0.023179
1 0.520188 0.213576 0.020657 0.033113
1 0.480751 0.325331 0.030047 0.048013
1 0.536150 0.275662 0.020657 0.028146
1 0.561972 0.284768 0.025352 0.036424
1 0.601408 0.261589 0.023474 0.039735
1 0.655869 0.259106 0.023474 0.048013
1 0.708451 0.282285 0.030986 0.054636
1 0.770892 0.314570 0.030047 0.049669
1 0.868545 0.235099 0.016901 0.043046
1 0.849296 0.185430 0.017840 0.036424
1 0.792019 0.194536 0.017840 0.031457
1 0.751643 0.182947 0.025352 0.038079
1 0.746948 0.156457 0.017840 0.038079
1 0.716901 0.168874 0.019718 0.029801
1 0.708451 0.148179 0.015962 0.028146
1 0.694366 0.191225 0.023474 0.038079
1 0.693897 0.106788 0.016901 0.038079
1 0.747418 0.110927 0.011268 0.026490
1 0.805164 0.134106 0.010329 0.023179