1 0.310111 0.257022 0.016720 0.036517
1 0.335191 0.221910 0.012739 0.028090
1 0.346338 0.223315 0.015924 0.033708
1 0.350717 0.272472 0.016720 0.033708
1 0.378185 0.201545 0.014331 0.032303
1 0.392118 0.199438 0.016720 0.033708
1 0.413615 0.224719 0.019904 0.036517
1 0.404857 0.290730 0.021497 0.036517
1 0.484076 0.216994 0.020701 0.040730
1 0.460987 0.163624 0.015924 0.029494
1 0.512739 0.151685 0.012739 0.025281
1 0.537818 0.163624 0.016720 0.029494
1 0.518710 0.193820 0.016720 0.033708
1 0.498010 0.290028 0.021497 0.040730
1 0.562102 0.304073 0.027070 0.051966
1 0.574045 0.226826 0.020701 0.043539
1 0.600318 0.244382 0.022293 0.042135
1 0.570462 0.166433 0.015127 0.026685
1 0.582006 0.154494 0.014331 0.025281
1 0.563694 0.142556 0.014331 0.029494
1 0.606290 0.103230 0.013535 0.026685
1 0.644904 0.175562 0.019108 0.039326
1 0.678344 0.154494 0.015924 0.030899
1 0.655653 0.213483 0.018312 0.036517
1 0.645701 0.265449 0.022293 0.050562
1 0.648885 0.353230 0.030255 0.063202
1 0.709395 0.268258 0.023885 0.050562
1 0.756369 0.365871 0.025478 0.054775
1 0.846338 0.287219 0.023885 0.046348
1 0.773487 0.298455 0.021497 0.046348
1 0.807723 0.237360 0.019904 0.047753
1 0.749602 0.222612 0.019904 0.037921
1 0.704618 0.222612 0.017516 0.037921
1 0.724124 0.189607 0.018312 0.033708
1 0.757962 0.181882 0.014331 0.032303
1 0.767914 0.202949 0.019904 0.043539
1 0.769506 0.131320 0.013535 0.029494
1 0.801752 0.132022 0.014331 0.030899
1 0.853503 0.150983 0.014331 0.037921
1 0.839968 0.189607 0.017516 0.039326
1 0.884952 0.192416 0.015127 0.042135
1 0.909634 0.259831 0.021497 0.053371
1 0.853901 0.252107 0.019904 0.037921
1 0.869029 0.243680 0.015127 0.026685
1 0.819268 0.224017 0.017516 0.035112
1 0.816083 0.188202 0.017516 0.030899
1 0.045382 0.302669 0.007962 0.018258