1 0.059667 0.425164 0.037928 0.090461
1 0.087882 0.433388 0.048104 0.093750
1 0.315911 0.212171 0.019426 0.026316
1 0.347364 0.242599 0.017576 0.031250
1 0.383904 0.222862 0.020352 0.044408
1 0.399167 0.194079 0.015726 0.032895
1 0.463922 0.172697 0.021277 0.042763
1 0.496762 0.092105 0.009251 0.023026
1 0.524514 0.250822 0.029602 0.054276
1 0.566605 0.148849 0.024977 0.041118
1 0.586494 0.181743 0.024052 0.047697
1 0.602220 0.133224 0.022202 0.039474
1 0.631360 0.199013 0.024977 0.046053
1 0.587419 0.306743 0.033302 0.057566
1 0.644311 0.129934 0.017576 0.046053
1 0.656337 0.141447 0.017576 0.049342
1 0.682239 0.136513 0.019426 0.042763