1 0.198316 0.448529 0.037418 0.076797
1 0.236202 0.207516 0.021515 0.039216
1 0.471469 0.143791 0.013096 0.026144
1 0.504210 0.137255 0.013096 0.022876
1 0.492516 0.167484 0.017774 0.031046
1 0.505613 0.191176 0.019645 0.029412
1 0.704397 0.174837 0.016838 0.032680
1 0.726848 0.180556 0.013096 0.027778
1 0.742750 0.179739 0.014967 0.029412
1 0.791862 0.180556 0.015903 0.031046
1 0.842844 0.183007 0.014967 0.029412
1 0.902245 0.124183 0.014032 0.032680
1 0.939663 0.163399 0.010290 0.022876
1 0.943873 0.187092 0.013096 0.024510
1 0.940131 0.233660 0.014967 0.032680
1 0.880730 0.285948 0.019645 0.049020