1 0.065077 0.555091 0.044462 0.100418
1 0.221504 0.350070 0.017785 0.030683
1 0.251415 0.367503 0.021019 0.034868
1 0.288601 0.308926 0.017785 0.032078
1 0.286985 0.372385 0.019402 0.033473
1 0.337106 0.370293 0.022635 0.043236
1 0.352061 0.333333 0.016977 0.033473
1 0.358529 0.298466 0.018593 0.030683
1 0.390461 0.324965 0.021019 0.030683
1 0.412288 0.349372 0.024252 0.046025
1 0.409054 0.300558 0.016168 0.026499
1 0.407842 0.278940 0.015360 0.022315
1 0.394099 0.275453 0.020210 0.034868
1 0.423605 0.255230 0.016168 0.025105
1 0.434923 0.276151 0.016168 0.027894
1 0.453517 0.252441 0.011318 0.025105
1 0.470089 0.239191 0.013743 0.018131
1 0.474535 0.269874 0.014551 0.026499
1 0.501617 0.268480 0.013743 0.032078
1 0.510105 0.253138 0.011318 0.029289
1 0.521423 0.242678 0.016168 0.019526
1 0.523444 0.269874 0.016977 0.034868
1 0.547292 0.251046 0.016168 0.036262
1 0.555780 0.227336 0.016977 0.027894
1 0.575182 0.225941 0.013743 0.025105
1 0.577607 0.256625 0.018593 0.033473
1 0.589329 0.239888 0.014551 0.027894
1 0.599030 0.229428 0.016168 0.026499
1 0.609135 0.209205 0.012126 0.025105
1 0.625303 0.216876 0.013743 0.018131
1 0.652385 0.219665 0.012935 0.020921
1 0.670978 0.231520 0.009701 0.025105
1 0.637025 0.243375 0.011318 0.018131
1 0.598222 0.258717 0.012935 0.020921
1 0.551334 0.285216 0.016168 0.026499
1 0.509701 0.321478 0.016977 0.034868
1 0.450687 0.345886 0.016977 0.036262
1 0.736459 0.244770 0.012935 0.020921
1 0.729588 0.266388 0.013743 0.027894
1 0.718674 0.282427 0.014551 0.034868
1 0.704931 0.264296 0.012935 0.029289
1 0.674212 0.269177 0.012935 0.025105
1 0.632175 0.297768 0.016168 0.026499
1 0.597817 0.326360 0.016977 0.030683
1 0.560226 0.350070 0.022635 0.044630
1 0.538399 0.405160 0.022635 0.046025
1 0.466451 0.415621 0.025869 0.047420
1 0.575990 0.434449 0.029911 0.051604
1 0.587712 0.419805 0.021019 0.036262
1 0.653193 0.331241 0.016168 0.034868
1 0.662894 0.368898 0.022635 0.046025
1 0.688359 0.354951 0.020210 0.037657
1 0.774859 0.238494 0.015360 0.030683
1 0.768795 0.269874 0.014551 0.023710
1 0.746160 0.296374 0.014551 0.026499
1 0.833064 0.262901 0.013743 0.023710
1 0.822555 0.274059 0.013743 0.026499
1 0.864996 0.258717 0.012935 0.026499
1 0.857316 0.275453 0.015360 0.023710
1 0.887227 0.286611 0.012126 0.034868
1 0.932498 0.270572 0.015360 0.027894
1 0.926031 0.313808 0.012126 0.025105
1 0.918755 0.334728 0.013743 0.033473
1 0.887227 0.327057 0.016977 0.032078
1 0.839127 0.322176 0.014551 0.039052
1 0.818513 0.335425 0.020210 0.043236
1 0.793856 0.309623 0.016168 0.027894
1 0.742926 0.407252 0.024252 0.036262
1 0.786985 0.413529 0.018593 0.043236
1 0.801536 0.384240 0.016977 0.037657
1 0.856508 0.374477 0.018593 0.046025
1 0.867421 0.361925 0.017785 0.040446
1 0.933711 0.373780 0.019402 0.044630
1 0.913905 0.397490 0.020210 0.039052
1 0.902587 0.463738 0.026677 0.054393
1 0.838723 0.437238 0.023444 0.057183
1 0.798302 0.538354 0.026677 0.069735
1 0.704527 0.492329 0.033145 0.066946
1 0.637833 0.458856 0.035570 0.064156