1 0.320663 0.177578 0.019493 0.031097
1 0.372320 0.154664 0.017544 0.031097
1 0.405945 0.174304 0.022417 0.034370
1 0.353801 0.257774 0.021442 0.040917
1 0.375244 0.287234 0.025341 0.044190
1 0.406433 0.281506 0.029240 0.042553
1 0.467349 0.188216 0.018519 0.032733
1 0.493665 0.189853 0.014620 0.036007
1 0.483431 0.198854 0.017544 0.034370
1 0.506335 0.206219 0.018519 0.039280
1 0.477096 0.231588 0.024366 0.037643
1 0.501949 0.241408 0.021442 0.047463
1 0.508285 0.306056 0.028265 0.052373
1 0.599415 0.143208 0.019493 0.031097
1 0.628655 0.263502 0.025341 0.049100
1 0.736842 0.194763 0.023392 0.045827
1 0.782651 0.233224 0.027290 0.054010