1 0.024413 0.377722 0.028169 0.055276
1 0.258216 0.284757 0.022535 0.033501
1 0.299531 0.253769 0.020657 0.041876
1 0.312207 0.224456 0.014085 0.033501
1 0.324413 0.271357 0.019718 0.040201
1 0.341315 0.277219 0.021596 0.038526
1 0.344131 0.232831 0.019718 0.036851
1 0.370892 0.234506 0.020657 0.026801
1 0.384507 0.201843 0.021596 0.028476
1 0.410329 0.174204 0.015023 0.023451
1 0.426761 0.175879 0.019718 0.026801
1 0.426291 0.210218 0.016901 0.031826
1 0.438028 0.240369 0.017840 0.035176
1 0.460563 0.235343 0.019718 0.038526
1 0.467606 0.197655 0.018779 0.033501
1 0.485446 0.210218 0.018779 0.031826
1 0.455869 0.187605 0.019718 0.030151
1 0.448826 0.143216 0.015023 0.025126
1 0.476526 0.164154 0.017840 0.033501
1 0.486385 0.133166 0.013146 0.021776
1 0.501878 0.149079 0.014085 0.023451
1 0.525352 0.147404 0.015962 0.030151
1 0.533803 0.134003 0.014085 0.033501
1 0.556338 0.113903 0.014085 0.023451
1 0.563380 0.131491 0.013146 0.025126
1 0.592019 0.095477 0.012207 0.023451
1 0.590141 0.133166 0.015962 0.035176
1 0.615962 0.108878 0.015023 0.023451
1 0.646009 0.102178 0.013146 0.026801
1 0.640845 0.118090 0.014085 0.025126
1 0.672300 0.116415 0.016901 0.021776
1 0.700000 0.094640 0.014085 0.035176
1 0.687324 0.147404 0.018779 0.036851
1 0.613146 0.142379 0.020657 0.033501
1 0.567136 0.177554 0.020657 0.040201
1 0.541315 0.199330 0.019718 0.040201
1 0.398592 0.294807 0.023474 0.043551
1 0.479343 0.302345 0.027230 0.048576
1 0.543662 0.291457 0.026291 0.053601
1 0.565258 0.237856 0.020657 0.036851
1 0.628169 0.192630 0.018779 0.033501
1 0.653521 0.174204 0.016901 0.036851
1 0.665728 0.208543 0.020657 0.038526
1 0.611737 0.261307 0.021596 0.036851
1 0.604695 0.330821 0.030047 0.051926
1 0.660563 0.264657 0.023474 0.036851
1 0.697183 0.217755 0.019718 0.036851
1 0.709859 0.138191 0.016901 0.038526
1 0.732394 0.121441 0.013146 0.031826
1 0.753991 0.114740 0.013146 0.025126
1 0.763850 0.128141 0.014085 0.035176
1 0.780282 0.115578 0.013146 0.033501
1 0.796244 0.128978 0.015023 0.026801
1 0.824883 0.119765 0.014085 0.028476
1 0.832864 0.136516 0.015023 0.031826
1 0.866667 0.124791 0.015023 0.025126
1 0.866197 0.148241 0.017840 0.031826
1 0.896244 0.124791 0.012207 0.028476
1 0.892488 0.165829 0.019718 0.030151
1 0.930047 0.154104 0.012207 0.026801
1 0.932394 0.175042 0.013146 0.025126
1 0.926291 0.201843 0.015962 0.038526
1 0.891549 0.201005 0.017840 0.040201
1 0.846948 0.192630 0.020657 0.040201
1 0.855869 0.157454 0.015962 0.036851
1 0.819718 0.162479 0.015023 0.033501
1 0.802817 0.175879 0.020657 0.036851
1 0.769484 0.167504 0.019718 0.026801
1 0.733333 0.195142 0.018779 0.035176
1 0.731925 0.161642 0.015962 0.028476
1 0.748357 0.144054 0.015023 0.030151
1 0.749765 0.240369 0.021596 0.055276
1 0.817840 0.223618 0.020657 0.048576
1 0.867606 0.231156 0.020657 0.040201
1 0.922066 0.287270 0.024413 0.045226
1 0.786385 0.293132 0.023474 0.050251
1 0.730986 0.278057 0.025352 0.053601
1 0.681690 0.328308 0.031925 0.053601