1 0.044471 0.524096 0.050481 0.060241
1 0.151442 0.545783 0.043269 0.055422
1 0.234375 0.559036 0.036058 0.053012
1 0.242788 0.519277 0.038462 0.026506
1 0.280048 0.545783 0.060096 0.069880
1 0.397837 0.537349 0.026442 0.038554
1 0.454327 0.550602 0.038462 0.045783
1 0.501202 0.561446 0.050481 0.057831
1 0.569712 0.546988 0.033654 0.048193
1 0.616587 0.539759 0.016827 0.024096
1 0.689904 0.543373 0.038462 0.045783
1 0.772837 0.550602 0.036058 0.045783
1 0.838942 0.533735 0.024038 0.031325
1 0.917067 0.559036 0.036058 0.038554