1 0.051394 0.393602 0.023108 0.047288
1 0.312749 0.236439 0.016733 0.030598
1 0.343028 0.217663 0.016733 0.037552
1 0.340239 0.256606 0.019124 0.034771
1 0.369323 0.221140 0.016733 0.030598
1 0.379681 0.222531 0.015139 0.033380
1 0.371315 0.257997 0.017530 0.037552
1 0.397610 0.264256 0.019124 0.038943
1 0.402789 0.235049 0.016733 0.030598
1 0.424701 0.261474 0.023904 0.044506
1 0.433466 0.225313 0.019124 0.036161
1 0.425896 0.194019 0.016733 0.031989
1 0.446614 0.166898 0.013546 0.025035
1 0.458167 0.171071 0.012749 0.022253
1 0.450996 0.191933 0.014343 0.027816
1 0.468127 0.146732 0.011952 0.023644
1 0.484462 0.146036 0.011155 0.025035
1 0.482072 0.217663 0.015936 0.034771
1 0.513546 0.188456 0.016733 0.031989
1 0.509562 0.146732 0.011952 0.023644
1 0.519522 0.160640 0.012749 0.023644
1 0.520717 0.132128 0.010359 0.025035
1 0.535060 0.148818 0.011952 0.025035
1 0.542629 0.136996 0.009562 0.026426
1 0.551793 0.166203 0.013546 0.026426
1 0.560558 0.144645 0.011952 0.027816
1 0.564940 0.122392 0.011155 0.025035
1 0.586454 0.118220 0.011155 0.025035
1 0.593625 0.116829 0.011155 0.027816
1 0.600398 0.128651 0.013546 0.029207
1 0.587649 0.143950 0.015139 0.029207
1 0.578884 0.168289 0.015139 0.030598
1 0.624701 0.139777 0.012749 0.026426
1 0.632271 0.133519 0.010359 0.022253
1 0.638645 0.124478 0.010359 0.023644
1 0.653785 0.128651 0.013546 0.026426
1 0.665737 0.136300 0.013546 0.025035
1 0.665339 0.112656 0.009562 0.025035
1 0.660159 0.107093 0.011952 0.025035
1 0.697211 0.118220 0.012749 0.022253
1 0.613546 0.109875 0.011155 0.022253
1 0.616733 0.210014 0.019124 0.036161
1 0.613546 0.247566 0.022311 0.044506
1 0.557769 0.263561 0.022311 0.043115
1 0.534263 0.293463 0.026295 0.044506
1 0.585657 0.321975 0.025498 0.054242
1 0.670916 0.267038 0.023904 0.052851
1 0.687251 0.220445 0.016733 0.037552
1 0.690040 0.190542 0.015936 0.033380
1 0.729880 0.210709 0.020717 0.043115
1 0.714343 0.155772 0.015139 0.036161
1 0.735060 0.137691 0.016733 0.030598
1 0.750996 0.146036 0.016733 0.030598
1 0.755777 0.240612 0.021514 0.044506
1 0.774104 0.225313 0.018327 0.036161
1 0.765339 0.299722 0.023108 0.054242
1 0.827092 0.346314 0.028685 0.066759
1 0.835458 0.313630 0.029482 0.051460
1 0.912749 0.340751 0.024701 0.047288
1 0.921912 0.290682 0.019124 0.036161
1 0.869323 0.246871 0.022311 0.040334
1 0.827888 0.252434 0.019124 0.037552
1 0.836255 0.205146 0.016733 0.031989
1 0.843825 0.187761 0.015936 0.030598
1 0.912351 0.225313 0.020717 0.041725
1 0.926693 0.201669 0.015936 0.033380
1 0.929880 0.167594 0.015936 0.031989
1 0.938645 0.154381 0.015936 0.030598
1 0.914741 0.143950 0.012749 0.029207
1 0.904382 0.153686 0.014343 0.029207
1 0.892032 0.181502 0.016733 0.037552
1 0.866932 0.152990 0.014343 0.030598
1 0.873705 0.140473 0.011952 0.022253
1 0.834263 0.151599 0.015936 0.030598
1 0.837849 0.127955 0.011952 0.022253
1 0.802789 0.181502 0.015139 0.029207
1 0.811554 0.156467 0.015139 0.029207
1 0.808367 0.127260 0.013546 0.023644
1 0.787251 0.119611 0.011155 0.025035
1 0.779681 0.155772 0.015139 0.033380
1 0.880478 0.479833 0.028685 0.061196
1 0.299203 0.306676 0.018327 0.023644