0 0.925481 0.256010 0.120192 0.146635
0 0.750000 0.260817 0.163462 0.189904
0 0.754808 0.087740 0.173077 0.170673
0 0.926683 0.084135 0.117788 0.144231
0 0.597356 0.235577 0.064904 0.081731
0 0.594952 0.099760 0.064904 0.084135
0 0.490385 0.266827 0.086538 0.115385
0 0.485577 0.073317 0.086538 0.117788
0 0.423077 0.329327 0.115385 0.163462
0 0.318510 0.294471 0.031250 0.050481
0 0.318510 0.043269 0.031250 0.048077
0 0.251202 0.043269 0.036058 0.043269
0 0.186298 0.049279 0.055288 0.069712
0 0.183894 0.290865 0.055288 0.072115