1 0.026442 0.467470 0.048077 0.057831
1 0.186298 0.442169 0.045673 0.065060
1 0.222356 0.448193 0.026442 0.033735
1 0.265625 0.443373 0.036058 0.038554
1 0.310096 0.422892 0.048077 0.050602
1 0.349760 0.432530 0.036058 0.045783
1 0.400240 0.425301 0.036058 0.040964
1 0.536058 0.430120 0.062500 0.060241
1 0.591346 0.427711 0.038462 0.060241
1 0.649038 0.414458 0.048077 0.067470
1 0.769231 0.414458 0.052885 0.067470
1 0.879808 0.416867 0.062500 0.077108
1 0.965144 0.416867 0.031250 0.038554
1 0.710337 0.420482 0.036058 0.031325
1 0.314904 0.025301 0.038462 0.045783
1 0.352163 0.019277 0.036058 0.033735
1 0.400240 0.021687 0.040865 0.038554
1 0.652644 0.031325 0.055288 0.057831
1 0.683894 0.419277 0.021635 0.048193
1 0.772837 0.031325 0.055288 0.057831
1 0.883413 0.034940 0.069712 0.065060
1 0.969952 0.028916 0.026442 0.033735
1 0.538462 0.022892 0.057692 0.040964
1 0.592548 0.022892 0.045673 0.040964