1 0.811337 0.328393 0.038973 0.088924
1 0.612932 0.109204 0.015943 0.028081
1 0.558902 0.120125 0.015943 0.024961
1 0.705049 0.127145 0.010629 0.020281
1 0.759079 0.132605 0.014172 0.024961
1 0.795394 0.135725 0.015943 0.024961
1 0.854296 0.152106 0.015058 0.035881
1 0.879097 0.159126 0.015058 0.034321
1 0.748007 0.143526 0.018601 0.028081
1 0.777236 0.142746 0.016829 0.029641
1 0.806466 0.160686 0.020372 0.028081
1 0.823295 0.161466 0.015058 0.026521
1 0.910540 0.180967 0.019486 0.031201
1 0.495571 0.134945 0.013286 0.023401
1 0.520372 0.138846 0.018601 0.021841
1 0.546944 0.145086 0.018601 0.018721
1 0.577945 0.134165 0.018601 0.031201
1 0.596103 0.143526 0.023029 0.028081
1 0.651019 0.141966 0.017715 0.034321
1 0.663419 0.127925 0.015943 0.024961
1 0.687334 0.181747 0.024801 0.042122
1 0.711249 0.154446 0.019486 0.028081
1 0.457927 0.152886 0.012400 0.024961
1 0.481399 0.161466 0.018601 0.029641
1 0.521258 0.175507 0.018601 0.039002
1 0.577059 0.190328 0.022143 0.028081
1 0.432241 0.173167 0.017715 0.031201
1 0.375554 0.189548 0.021258 0.029641
1 0.414526 0.182527 0.023029 0.037441
1 0.467671 0.215289 0.023029 0.031201
1 0.498229 0.204368 0.022143 0.034321
1 0.354296 0.203588 0.021258 0.035881
1 0.318866 0.207488 0.023029 0.037441
1 0.626218 0.214509 0.024801 0.045242
1 0.655447 0.198128 0.023029 0.040562
1 0.652790 0.237910 0.030115 0.054602
1 0.714792 0.187988 0.019486 0.039002
1 0.731178 0.178627 0.015058 0.039002
1 0.765279 0.188768 0.023029 0.037441
1 0.722321 0.223869 0.022143 0.042122
1 0.788751 0.204368 0.015058 0.037441
1 0.826838 0.184867 0.015058 0.032761
1 0.934898 0.176287 0.016829 0.028081
1 0.934012 0.228549 0.016829 0.042122
1 0.857839 0.210608 0.016829 0.034321
1 0.879539 0.233229 0.015943 0.051482
1 0.914969 0.251170 0.021258 0.043682
1 0.870239 0.277691 0.018601 0.034321
1 0.447741 0.248830 0.023915 0.032761
1 0.554030 0.282371 0.025686 0.040562
1 0.533215 0.225429 0.023029 0.039002
1 0.623561 0.176287 0.024801 0.024961
1 0.624446 0.156006 0.024801 0.021841
1 0.565988 0.156006 0.026572 0.024961
1 0.537644 0.189548 0.019486 0.029641
1 0.444641 0.210608 0.021258 0.037441