1 0.209012 0.480897 0.042186 0.091362
1 0.299137 0.247508 0.021093 0.036545
1 0.329818 0.279070 0.019175 0.043189
1 0.350911 0.259136 0.019175 0.039867
1 0.382071 0.208472 0.020134 0.031561
1 0.423778 0.220100 0.017258 0.031561
1 0.446788 0.220100 0.017258 0.038206
1 0.431448 0.282392 0.023011 0.043189
1 0.436242 0.171096 0.017258 0.029900
1 0.448226 0.189369 0.018217 0.029900
1 0.475551 0.203488 0.015340 0.031561
1 0.472196 0.156146 0.012464 0.026578
1 0.482263 0.162791 0.013423 0.029900
1 0.498562 0.171927 0.017258 0.041528
1 0.455896 0.154485 0.014382 0.026578
1 0.496165 0.132890 0.012464 0.029900
1 0.538351 0.144518 0.014382 0.033223
1 0.541227 0.126246 0.014382 0.026578
1 0.564238 0.117940 0.008629 0.019934
1 0.572387 0.132060 0.013423 0.021595
1 0.561361 0.154485 0.016299 0.026578
1 0.586769 0.159468 0.019175 0.026578
1 0.593001 0.128738 0.016299 0.028239
1 0.615532 0.142027 0.013423 0.021595
1 0.607383 0.097176 0.016299 0.021595
1 0.625599 0.117110 0.012464 0.024917
1 0.487536 0.325581 0.031640 0.046512
1 0.530681 0.229236 0.020134 0.033223
1 0.559923 0.237542 0.021093 0.039867
1 0.558485 0.299834 0.029722 0.064784
1 0.615053 0.255814 0.022052 0.039867
1 0.624161 0.301495 0.034516 0.061462
1 0.630872 0.213455 0.023011 0.041528
1 0.700384 0.101329 0.016299 0.036545
1 0.695590 0.153654 0.018217 0.038206
1 0.686002 0.197674 0.018217 0.043189
1 0.667785 0.254153 0.022052 0.053156
1 0.741611 0.116279 0.016299 0.033223
1 0.759348 0.116279 0.013423 0.029900
1 0.719080 0.141196 0.017258 0.033223
1 0.711409 0.181894 0.017258 0.038206
1 0.732982 0.175249 0.016299 0.034884
1 0.763663 0.148671 0.016299 0.031561
1 0.769415 0.185216 0.014382 0.031561
1 0.756951 0.189369 0.018217 0.039867
1 0.727229 0.284053 0.027804 0.059801
1 0.785235 0.289037 0.026846 0.049834
1 0.824065 0.130399 0.012464 0.028239
1 0.812560 0.183555 0.016299 0.038206
1 0.862895 0.186877 0.019175 0.038206
1 0.885427 0.231728 0.016299 0.048173
1 0.901726 0.194352 0.016299 0.039867
1 0.911793 0.136213 0.015340 0.039867
1 0.941515 0.188538 0.017258 0.041528
1 0.978428 0.129568 0.014382 0.036545