0 0.207933 0.408654 0.064904 0.086538
1 0.299279 0.425481 0.012019 0.014423
1 0.555288 0.407452 0.024038 0.031250
1 0.531250 0.426683 0.033654 0.045673
1 0.414663 0.401442 0.021635 0.028846
1 0.441106 0.411058 0.026442 0.033654
1 0.597356 0.438702 0.040865 0.045673
1 0.639423 0.413462 0.028846 0.038462
1 0.670673 0.425481 0.028846 0.038462
1 0.721154 0.408654 0.028846 0.038462
1 0.836538 0.408654 0.024038 0.033654
1 0.861779 0.403846 0.026442 0.038462
0 0.787260 0.401442 0.088942 0.120192
1 0.382212 0.433894 0.062500 0.074519