1 0.134538 0.354015 0.034137 0.065693
1 0.298695 0.217153 0.015060 0.032847
1 0.307731 0.238139 0.017068 0.034672
1 0.336345 0.237226 0.014056 0.036496
1 0.349900 0.201642 0.013052 0.034672
1 0.334839 0.177007 0.015060 0.029197
1 0.361948 0.239964 0.019076 0.041971
1 0.390060 0.252737 0.019076 0.034672
1 0.389056 0.188869 0.015060 0.034672
1 0.418173 0.184307 0.015060 0.032847
1 0.423695 0.203467 0.014056 0.034672
1 0.433233 0.226277 0.019076 0.043796
1 0.456827 0.213504 0.016064 0.029197
1 0.423695 0.144161 0.010040 0.025547
1 0.462851 0.164234 0.016064 0.032847
1 0.471888 0.141423 0.014056 0.031022
1 0.488454 0.176095 0.015060 0.034672
1 0.504518 0.204380 0.013052 0.029197
1 0.492972 0.146898 0.014056 0.027372
1 0.490462 0.135949 0.013052 0.020073
1 0.500000 0.125000 0.012048 0.023723
1 0.516064 0.137774 0.012048 0.023723
1 0.527108 0.122263 0.012048 0.025547
1 0.523594 0.171533 0.015060 0.036496
1 0.552711 0.155109 0.015060 0.021898
1 0.557229 0.176095 0.016064 0.034672
1 0.551707 0.137774 0.011044 0.020073
1 0.558233 0.120438 0.014056 0.025547
1 0.585341 0.115876 0.012048 0.031022
1 0.592871 0.104927 0.011044 0.023723
1 0.607932 0.104927 0.013052 0.023723
1 0.599900 0.133212 0.013052 0.021898
1 0.588353 0.171533 0.016064 0.032847
1 0.582329 0.230839 0.018072 0.041971
1 0.556727 0.289234 0.031124 0.052920
1 0.495482 0.282847 0.025100 0.058394
1 0.601908 0.329380 0.021084 0.067518
1 0.622490 0.249088 0.020080 0.045620
1 0.627510 0.206204 0.016064 0.032847
1 0.619980 0.143248 0.013052 0.027372
1 0.625502 0.120438 0.012048 0.025547
1 0.633534 0.104015 0.012048 0.021898
1 0.668675 0.101277 0.010040 0.027372
1 0.666165 0.132299 0.011044 0.027372
1 0.669177 0.177920 0.013052 0.034672
1 0.668675 0.283759 0.020080 0.060219
1 0.696285 0.314781 0.027108 0.060219
1 0.722892 0.292883 0.022088 0.045620
1 0.710843 0.227190 0.018072 0.034672
1 0.707329 0.177920 0.017068 0.034672
1 0.708835 0.155109 0.014056 0.025547
1 0.684739 0.115876 0.012048 0.027372
1 0.692269 0.096715 0.011044 0.018248
1 0.709839 0.104015 0.012048 0.025547
1 0.748996 0.126825 0.014056 0.031022
1 0.779618 0.136861 0.015060 0.032847
1 0.751004 0.165146 0.016064 0.034672
1 0.758032 0.177007 0.016064 0.032847
1 0.801205 0.181569 0.016064 0.034672
1 0.802209 0.213504 0.018072 0.040146
1 0.759036 0.249088 0.022088 0.041971
1 0.774096 0.306569 0.022088 0.062044
1 0.743976 0.394161 0.028112 0.072993
1 0.824297 0.410584 0.028112 0.062044
1 0.896084 0.415146 0.027108 0.074818
1 0.914659 0.333029 0.024096 0.056569
1 0.927209 0.291058 0.017068 0.045620
1 0.868474 0.267336 0.020080 0.045620
1 0.839859 0.303832 0.023092 0.060219
1 0.814759 0.256387 0.021084 0.052920
1 0.882028 0.222628 0.017068 0.036496
1 0.925201 0.221715 0.019076 0.045620
1 0.827309 0.166971 0.016064 0.023723