1 0.179904 0.474870 0.047847 0.086655
1 0.344976 0.229636 0.022010 0.046794
1 0.371292 0.236568 0.021053 0.043328
1 0.423445 0.194974 0.018182 0.039861
1 0.430144 0.256499 0.025837 0.055459
1 0.451675 0.200173 0.019139 0.036395
1 0.453110 0.160312 0.018182 0.036395
1 0.471292 0.172444 0.018182 0.032929
1 0.492344 0.162912 0.016268 0.027730
1 0.468421 0.123917 0.016268 0.022530
1 0.491388 0.113518 0.016268 0.029463
1 0.534928 0.107452 0.017225 0.031196
1 0.569856 0.108319 0.014354 0.032929
1 0.581818 0.127383 0.019139 0.032929
1 0.533014 0.209705 0.028708 0.062392
1 0.486603 0.306759 0.031579 0.069324
1 0.670813 0.230503 0.022967 0.051993
1 0.736364 0.256499 0.025837 0.055459
1 0.785646 0.263432 0.024880 0.058925
1 0.890431 0.188908 0.018182 0.045061
1 0.821053 0.148180 0.019139 0.039861
1 0.817703 0.099653 0.014354 0.032929
1 0.764593 0.085789 0.017225 0.039861
1 0.750718 0.103120 0.014354 0.032929
1 0.727273 0.132582 0.017225 0.032929
1 0.704306 0.115251 0.021053 0.050260
1 0.719139 0.116984 0.018182 0.036395