1 0.671084 0.649038 0.036145 0.043269
1 0.404819 0.709135 0.048193 0.043269
1 0.460241 0.701923 0.038554 0.024038
1 0.474699 0.811298 0.043373 0.050481
1 0.518072 0.829327 0.043373 0.052885
1 0.542169 0.932692 0.062651 0.067308
1 0.624096 0.788462 0.053012 0.052885
1 0.643373 0.844952 0.053012 0.060096
1 0.724096 0.972356 0.089157 0.055288
1 0.798795 0.936298 0.069880 0.079327
1 0.918072 0.939904 0.067470 0.072115
1 0.975904 0.968750 0.048193 0.052885
0 0.426506 0.643029 0.038554 0.036058
0 0.632530 0.676683 0.045783 0.045673
0 0.519277 0.730769 0.055422 0.057692