1 0.172500 0.400356 0.053000 0.124555
1 0.340000 0.490214 0.064000 0.126335
1 0.368000 0.231317 0.022000 0.046263
1 0.411500 0.201068 0.017000 0.039146
1 0.430000 0.223310 0.016000 0.037367
1 0.446500 0.254448 0.023000 0.042705
1 0.470500 0.233096 0.021000 0.035587
1 0.480000 0.195730 0.020000 0.042705
1 0.589000 0.104093 0.012000 0.026690
1 0.605000 0.105872 0.012000 0.019573
1 0.640500 0.115658 0.013000 0.028470
1 0.669000 0.109431 0.016000 0.026690
1 0.600000 0.217972 0.022000 0.044484
1 0.641500 0.237544 0.023000 0.051601