1 0.169438 0.478382 0.039588 0.064156
1 0.290182 0.267782 0.016627 0.036262
1 0.318290 0.270572 0.017419 0.033473
1 0.330958 0.216179 0.014252 0.030683
1 0.344418 0.214086 0.015835 0.026499
1 0.345606 0.243375 0.018211 0.037657
1 0.361837 0.253835 0.019002 0.036262
1 0.372130 0.232915 0.017419 0.030683
1 0.393112 0.279637 0.021378 0.043236
1 0.397070 0.232218 0.018211 0.032078
1 0.387569 0.257322 0.021378 0.032078
1 0.406572 0.193863 0.013460 0.025105
1 0.421219 0.182706 0.012668 0.025105
1 0.443389 0.148536 0.011085 0.020921
1 0.449327 0.164575 0.011876 0.022315
1 0.463579 0.161785 0.013460 0.022315
1 0.450515 0.187587 0.012668 0.026499
1 0.452890 0.206416 0.015835 0.027894
1 0.458828 0.230823 0.016627 0.037657
1 0.484165 0.139470 0.011876 0.019526
1 0.491291 0.153417 0.011876 0.022315
1 0.504355 0.135286 0.009501 0.019526
1 0.509897 0.182706 0.015835 0.033473
1 0.515439 0.156206 0.012668 0.027894
1 0.521774 0.147141 0.012668 0.023710
1 0.541568 0.130404 0.011085 0.023710
1 0.551465 0.108787 0.010293 0.025105
1 0.554632 0.142259 0.011876 0.022315
1 0.546714 0.159693 0.013460 0.029289
1 0.562549 0.128312 0.011876 0.025105
1 0.585511 0.123431 0.013460 0.026499
1 0.576405 0.145746 0.014252 0.023710
1 0.576010 0.171548 0.015044 0.033473
1 0.589470 0.103905 0.010293 0.018131
1 0.605701 0.100418 0.011085 0.022315
1 0.606492 0.126918 0.012668 0.025105
1 0.642518 0.093445 0.010293 0.022315
1 0.636975 0.115063 0.011876 0.020921
1 0.638559 0.137378 0.013460 0.023710
1 0.625495 0.149233 0.014252 0.027894
1 0.659541 0.101116 0.011085 0.023710
1 0.691607 0.109484 0.010293 0.023710
1 0.668646 0.124128 0.011876 0.022315
1 0.738321 0.110181 0.011876 0.022315
1 0.781077 0.114365 0.008709 0.025105
1 0.804434 0.124128 0.012668 0.027894
1 0.824228 0.123431 0.012668 0.023710
1 0.867379 0.129707 0.010293 0.022315
1 0.900633 0.138075 0.011876 0.027894
1 0.891528 0.154812 0.012668 0.027894
1 0.887569 0.185495 0.014252 0.027894
1 0.859857 0.151325 0.014252 0.026499
1 0.847189 0.160391 0.012668 0.027894
1 0.842043 0.182706 0.015044 0.027894
1 0.811164 0.161088 0.015044 0.029289
1 0.870150 0.229428 0.015835 0.043236
1 0.821457 0.206416 0.016627 0.033473
1 0.852336 0.261506 0.021378 0.048815
1 0.926762 0.160391 0.011876 0.030683
1 0.913302 0.221757 0.013460 0.030683
1 0.918448 0.208508 0.014252 0.029289
1 0.917260 0.276151 0.019794 0.036262
1 0.882819 0.297071 0.025337 0.044630
1 0.830562 0.292190 0.022169 0.043236
1 0.809580 0.253138 0.019794 0.034868
1 0.772763 0.210600 0.017419 0.036262
1 0.765637 0.294282 0.023753 0.052999
1 0.825812 0.362622 0.026920 0.061367
1 0.883610 0.423291 0.033254 0.076709
1 0.542755 0.290098 0.029295 0.050209
1 0.555819 0.235704 0.020586 0.041841
1 0.597783 0.247559 0.020586 0.043236
1 0.600158 0.214086 0.020586 0.034868
1 0.629850 0.305439 0.024545 0.044630
1 0.669438 0.261506 0.024545 0.051604
1 0.653603 0.228731 0.019794 0.041841
1 0.689628 0.258020 0.019002 0.030683
1 0.746239 0.235704 0.021378 0.052999
1 0.678147 0.190377 0.018211 0.040446
1 0.690024 0.163877 0.016627 0.029289
1 0.717340 0.160391 0.015835 0.027894
1 0.728029 0.186192 0.019794 0.034868
1 0.744656 0.146444 0.013460 0.030683
1 0.735946 0.137378 0.015044 0.026499
1 0.777514 0.176430 0.015835 0.026499
1 0.795724 0.188982 0.017419 0.032078
1 0.752969 0.180614 0.019002 0.037657