1 0.081731 0.451807 0.048077 0.065060
0 0.265625 0.473494 0.045673 0.055422
0 0.318510 0.430120 0.045673 0.050602
0 0.385817 0.421687 0.021635 0.028916
0 0.442308 0.455422 0.057692 0.077108
1 0.495192 0.455422 0.019231 0.028916
0 0.557692 0.459036 0.048077 0.060241
1 0.622596 0.463855 0.033654 0.050602
0 0.633413 0.379518 0.012019 0.021687
0 0.663462 0.413253 0.019231 0.021687
0 0.729567 0.431325 0.021635 0.024096
0 0.757212 0.467470 0.024038 0.033735
1 0.799279 0.432530 0.012019 0.016867
0 0.929087 0.542169 0.060096 0.067470