1 0.157248 0.247817 0.022113 0.041485
1 0.880221 0.429039 0.052826 0.111354
1 0.592138 0.054585 0.017199 0.039301
1 0.566339 0.066594 0.014742 0.032751
1 0.377764 0.169214 0.015971 0.032751
1 0.432432 0.141921 0.017199 0.034934
1 0.497543 0.126638 0.012285 0.021834
1 0.463759 0.144105 0.018428 0.034934
1 0.523342 0.129913 0.014742 0.032751
1 0.536241 0.111354 0.018428 0.030568
1 0.429361 0.183406 0.025799 0.039301
1 0.449631 0.183406 0.019656 0.030568
1 0.476658 0.187773 0.027027 0.030568
1 0.507371 0.180131 0.022113 0.041485
1 0.546069 0.145197 0.015971 0.032751
1 0.599509 0.150655 0.024570 0.034934
1 0.639435 0.121179 0.015971 0.028384
1 0.670147 0.117904 0.013514 0.026201
1 0.735872 0.150655 0.017199 0.039301
1 0.705160 0.191048 0.017199 0.050218
1 0.659091 0.188865 0.023342 0.041485
1 0.635135 0.206332 0.019656 0.041485
1 0.710074 0.230349 0.019656 0.041485
1 0.772727 0.127729 0.014742 0.032751
1 0.778870 0.175764 0.017199 0.041485
1 0.794840 0.210699 0.019656 0.050218
1 0.875307 0.269651 0.018428 0.041485
1 0.796683 0.162664 0.020885 0.041485
1 0.808968 0.153930 0.013514 0.037118
1 0.837224 0.174672 0.013514 0.030568
1 0.906020 0.192140 0.020885 0.034934
1 0.933047 0.231441 0.015971 0.034934
1 0.921990 0.180131 0.018428 0.037118
1 0.942260 0.153930 0.014742 0.037118
1 0.937346 0.195415 0.027027 0.041485
1 0.573096 0.141921 0.015971 0.030568
1 0.485872 0.146288 0.015971 0.026201
1 0.737101 0.175764 0.012285 0.032751
1 0.699017 0.165939 0.019656 0.048035
1 0.566339 0.090611 0.017199 0.037118