1 0.299395 0.168118 0.016129 0.029617
1 0.357863 0.155052 0.018145 0.038328
1 0.408266 0.238676 0.030242 0.062718
1 0.439516 0.173345 0.026210 0.057491
1 0.488911 0.184669 0.028226 0.059233
1 0.545867 0.195993 0.023185 0.036585
1 0.645161 0.164634 0.024194 0.057491
1 0.694052 0.209059 0.021169 0.045296
1 0.622480 0.197735 0.021169 0.050523
1 0.756048 0.277875 0.022177 0.054007
1 0.782258 0.278746 0.022177 0.041812
1 0.845262 0.256098 0.021169 0.052265
1 0.860887 0.294425 0.028226 0.073171
1 0.921875 0.257840 0.035282 0.062718
1 0.950605 0.335366 0.040323 0.078397