1 0.093371 0.317881 0.018674 0.043046
1 0.182540 0.471854 0.038282 0.066225
1 0.393557 0.263245 0.023343 0.036424
1 0.405696 0.214404 0.015873 0.028146
1 0.463585 0.216060 0.019608 0.038079
1 0.364146 0.189570 0.013072 0.028146
1 0.356209 0.242550 0.017740 0.028146
1 0.419234 0.154801 0.014939 0.031457
1 0.473856 0.117550 0.012138 0.026490
1 0.521008 0.117550 0.013072 0.026490
1 0.537348 0.116722 0.014006 0.024834
1 0.572362 0.120861 0.011204 0.026490
1 0.589169 0.119205 0.011204 0.026490
1 0.567694 0.173013 0.014939 0.034768
1 0.480392 0.324503 0.025210 0.046358
1 0.539683 0.322848 0.026144 0.049669
1 0.615780 0.256623 0.021475 0.043046
1 0.658730 0.214404 0.023343 0.044702
1 0.606443 0.233444 0.019608 0.019868
1 0.701681 0.305464 0.027077 0.057947
1 0.713819 0.250828 0.023343 0.054636
1 0.772642 0.270695 0.027077 0.057947
1 0.809057 0.292219 0.025210 0.057947
1 0.907563 0.312086 0.022409 0.064570
1 0.826797 0.058775 0.012138 0.028146
1 0.890289 0.132450 0.010271 0.023179
1 0.906629 0.139901 0.011204 0.024834
1 0.935107 0.148179 0.012138 0.024834