1 0.271958 0.409263 0.071958 0.122873
1 0.393122 0.532136 0.073016 0.137996
1 0.310053 0.207940 0.025397 0.049149
1 0.408466 0.267486 0.027513 0.058601
1 0.424868 0.212665 0.017989 0.035917
1 0.475661 0.229679 0.020106 0.032136
1 0.495767 0.220227 0.020106 0.035917
1 0.589947 0.260870 0.028571 0.041588
1 0.623280 0.244802 0.027513 0.058601
1 0.560317 0.079395 0.015873 0.026465
1 0.597354 0.116257 0.015873 0.028355
1 0.613757 0.115312 0.014815 0.030246
1 0.628571 0.120038 0.014815 0.028355
1 0.675132 0.108696 0.016931 0.028355