1 0.094544 0.409244 0.036689 0.078992
1 0.255880 0.286555 0.013170 0.021849
1 0.281279 0.271429 0.015052 0.028571
1 0.296331 0.263025 0.016933 0.031933
1 0.317968 0.222689 0.013170 0.028571
1 0.343838 0.216807 0.015992 0.033613
1 0.344309 0.270588 0.018815 0.033613
1 0.371119 0.224370 0.014111 0.031933
1 0.377234 0.210084 0.011289 0.023529
1 0.380527 0.201681 0.014111 0.023529
1 0.408749 0.170588 0.014111 0.025210
1 0.423330 0.182353 0.016933 0.028571
1 0.415334 0.224370 0.017874 0.035294
1 0.444497 0.230252 0.017874 0.040336
1 0.432267 0.271429 0.021637 0.042017
1 0.449200 0.151261 0.012230 0.023529
1 0.449671 0.174790 0.018815 0.030252
1 0.458137 0.197479 0.022578 0.035294
1 0.477422 0.166387 0.014111 0.030252
1 0.470367 0.154622 0.013170 0.023529
1 0.487300 0.139496 0.011289 0.023529
1 0.500000 0.149580 0.012230 0.016807
1 0.526341 0.140336 0.015992 0.031933
1 0.510348 0.192437 0.014111 0.025210
1 0.496237 0.232773 0.019755 0.035294
1 0.550329 0.163866 0.018815 0.031933
1 0.546096 0.194118 0.017874 0.038655
1 0.554092 0.143697 0.015052 0.028571
1 0.577140 0.112605 0.010348 0.023529
1 0.582785 0.151261 0.015992 0.040336
1 0.597366 0.121849 0.013170 0.021849
1 0.616181 0.105882 0.011289 0.020168
1 0.614770 0.127731 0.010348 0.020168
1 0.621825 0.138655 0.015052 0.031933
1 0.641580 0.107563 0.013170 0.026891
1 0.630292 0.127731 0.015052 0.026891
1 0.670743 0.122689 0.015052 0.023529
1 0.691910 0.100000 0.014111 0.028571
1 0.690499 0.142017 0.013170 0.028571
1 0.707432 0.135294 0.015052 0.031933
1 0.488711 0.297479 0.023518 0.043697
1 0.560207 0.295798 0.023518 0.050420
1 0.550329 0.247899 0.018815 0.028571
1 0.609595 0.218487 0.018815 0.036975
1 0.609125 0.255462 0.021637 0.043697
1 0.650517 0.179832 0.019755 0.030252
1 0.649577 0.217647 0.021637 0.048739
1 0.690028 0.181513 0.015992 0.036975
1 0.701787 0.209244 0.020696 0.048739
1 0.677799 0.244538 0.021637 0.042017
1 0.598777 0.342857 0.027281 0.053782
1 0.669802 0.349580 0.026341 0.053782
1 0.710254 0.292437 0.024459 0.050420
1 0.784102 0.286555 0.025400 0.048739
1 0.751646 0.237815 0.020696 0.048739
1 0.746472 0.186555 0.015992 0.033613
1 0.730480 0.157983 0.014111 0.033613
1 0.745061 0.148739 0.015052 0.031933
1 0.761054 0.161345 0.015052 0.033613
1 0.758702 0.130252 0.014111 0.028571
1 0.751176 0.105882 0.012230 0.026891
1 0.735654 0.115966 0.015052 0.030252
1 0.781279 0.122689 0.012230 0.026891
1 0.795861 0.137815 0.011289 0.033613
1 0.799624 0.177311 0.013170 0.031933
1 0.811383 0.158824 0.014111 0.028571
1 0.811853 0.131092 0.011289 0.026891
1 0.830198 0.140336 0.014111 0.035294
1 0.851364 0.192437 0.015052 0.035294
1 0.852775 0.155462 0.014111 0.031933
1 0.866416 0.150420 0.015052 0.031933
1 0.868297 0.124370 0.011289 0.023529
1 0.896519 0.131092 0.009407 0.030252
1 0.890875 0.174790 0.015052 0.030252
1 0.878175 0.200000 0.015992 0.030252
1 0.868768 0.220168 0.017874 0.036975
1 0.931326 0.165546 0.013170 0.035294
1 0.931326 0.274790 0.018815 0.038655