1 0.130716 0.359155 0.036779 0.088028
1 0.179920 0.325704 0.033797 0.080986
1 0.228131 0.399648 0.040755 0.045775
1 0.297217 0.213908 0.017893 0.033451
1 0.340954 0.215669 0.019881 0.033451
1 0.368290 0.257923 0.020875 0.044014
1 0.392644 0.193662 0.015905 0.031690
1 0.420477 0.162852 0.011928 0.026408
1 0.425447 0.268486 0.019881 0.033451
1 0.445825 0.213908 0.016899 0.040493
1 0.441352 0.175176 0.013917 0.029930
1 0.422962 0.143486 0.012922 0.019366
1 0.466700 0.132042 0.010934 0.024648
1 0.486083 0.135563 0.011928 0.024648
1 0.480119 0.171655 0.015905 0.033451
1 0.502982 0.208627 0.015905 0.033451
1 0.515408 0.183979 0.014911 0.033451
1 0.538270 0.195423 0.016899 0.035211
1 0.532306 0.157570 0.012922 0.026408
1 0.515905 0.122359 0.011928 0.019366
1 0.523360 0.127641 0.010934 0.022887
1 0.542247 0.130282 0.012922 0.024648
1 0.582008 0.121479 0.010934 0.028169
1 0.613320 0.157570 0.015905 0.026408
1 0.604871 0.125880 0.010934 0.022887
1 0.617296 0.133803 0.013917 0.028169
1 0.610338 0.112676 0.009940 0.017606
1 0.625746 0.111796 0.012922 0.022887
1 0.638668 0.097711 0.010934 0.022887
1 0.660040 0.106514 0.011928 0.022887
1 0.682903 0.103873 0.009940 0.017606
1 0.680417 0.115317 0.010934 0.022887
1 0.583499 0.175176 0.017893 0.026408
1 0.577038 0.282570 0.024851 0.054577
1 0.586978 0.250000 0.018887 0.038732
1 0.610835 0.257923 0.022863 0.047535
1 0.648608 0.207746 0.016899 0.035211
1 0.660040 0.201585 0.015905 0.033451
1 0.687873 0.256162 0.019881 0.040493
1 0.711233 0.195423 0.016899 0.035211
1 0.701789 0.167254 0.015905 0.031690
1 0.731113 0.150528 0.012922 0.026408
1 0.754970 0.134683 0.010934 0.026408
1 0.780815 0.078345 0.010934 0.022887
1 0.797217 0.154049 0.013917 0.029930
1 0.745030 0.189261 0.018887 0.029930
1 0.751491 0.199824 0.021869 0.033451
1 0.784791 0.218310 0.016899 0.031690
1 0.751491 0.267606 0.019881 0.056338
1 0.765408 0.271127 0.017893 0.035211
1 0.802187 0.281690 0.023857 0.045775
1 0.720676 0.232394 0.017893 0.031690
1 0.848907 0.321303 0.021869 0.047535
1 0.915507 0.347711 0.021869 0.051056
1 0.931909 0.312500 0.022863 0.047535
1 0.868787 0.286972 0.021869 0.049296
1 0.924453 0.249120 0.015905 0.044014
1 0.942346 0.240317 0.013917 0.033451
1 0.945825 0.214789 0.014911 0.024648
1 0.940855 0.186620 0.014911 0.028169
1 0.908052 0.173415 0.014911 0.029930
1 0.892644 0.229754 0.017893 0.033451
1 0.859841 0.197183 0.015905 0.028169
1 0.842942 0.235915 0.017893 0.038732
1 0.848907 0.208627 0.015905 0.026408
1 0.850895 0.150528 0.013917 0.026408