1 0.186166 0.444785 0.039283 0.082822
1 0.180188 0.227761 0.018787 0.041411
1 0.254910 0.209356 0.023057 0.047546
1 0.269855 0.211656 0.025619 0.055215
1 0.330487 0.184049 0.027327 0.052147
1 0.307857 0.227761 0.017933 0.038344
1 0.347139 0.186350 0.014518 0.032209
1 0.401366 0.178681 0.027327 0.056748
1 0.418873 0.169479 0.011102 0.026074
1 0.411187 0.192485 0.012810 0.032209
1 0.443211 0.139571 0.013664 0.027607
1 0.463706 0.168712 0.025619 0.049080
1 0.463706 0.142638 0.013664 0.027607
1 0.481640 0.141871 0.011956 0.023006
1 0.492741 0.137270 0.013664 0.032209
1 0.509394 0.126534 0.012810 0.029141
1 0.480359 0.223160 0.016225 0.029141
1 0.475235 0.169479 0.014518 0.035276
1 0.537148 0.132669 0.015371 0.029141
1 0.570026 0.128067 0.016225 0.029141
1 0.593083 0.138804 0.016225 0.032209
1 0.620837 0.129601 0.013664 0.029141
1 0.553373 0.183282 0.017079 0.035276
1 0.513664 0.164877 0.017933 0.026074
1 0.507686 0.271472 0.021349 0.055215
1 0.555935 0.253067 0.018787 0.036810
1 0.575576 0.280675 0.027327 0.052147
1 0.620410 0.298313 0.024765 0.047546
1 0.626388 0.197853 0.021349 0.046012
1 0.656277 0.182515 0.017933 0.033742
1 0.656704 0.214724 0.020495 0.039877
1 0.700683 0.198620 0.017933 0.038344
1 0.712639 0.236963 0.019641 0.044479
1 0.734842 0.166411 0.016225 0.038344
1 0.780102 0.200153 0.017933 0.047546
1 0.794193 0.145706 0.015371 0.039877
1 0.821947 0.166411 0.014518 0.032209
1 0.862511 0.171779 0.015371 0.036810
1 0.843723 0.216258 0.015371 0.042945
1 0.881725 0.225460 0.016225 0.049080
1 0.925278 0.239264 0.017933 0.046012
1 0.928266 0.290644 0.018787 0.047546
1 0.911187 0.348926 0.025619 0.053681
1 0.865500 0.291411 0.019641 0.036810
1 0.846712 0.315951 0.021349 0.055215
1 0.795047 0.290644 0.023911 0.059816
1 0.807003 0.256135 0.020495 0.042945
1 0.892400 0.483896 0.029035 0.075153
1 0.672929 0.325920 0.029035 0.072086
1 0.666951 0.273773 0.018787 0.038344
1 0.634500 0.277607 0.023911 0.042945