1 0.016827 0.302410 0.028846 0.050602
1 0.146635 0.338554 0.072115 0.084337
1 0.259615 0.285542 0.076923 0.093976
1 0.381010 0.340964 0.050481 0.074699
1 0.471154 0.392771 0.057692 0.062651
1 0.420673 0.266265 0.033654 0.031325
1 0.450721 0.262651 0.031250 0.053012
1 0.504808 0.253012 0.028846 0.038554
1 0.579327 0.268675 0.076923 0.093976
1 0.449519 0.069880 0.033654 0.057831
1 0.503606 0.078313 0.026442 0.040964
1 0.578125 0.066265 0.079327 0.093976
1 0.598558 0.502410 0.091346 0.103614
1 0.260817 0.049398 0.079327 0.089157
1 0.019231 0.030120 0.033654 0.050602
0 0.813702 0.220482 0.103365 0.108434
0 0.816106 0.109639 0.112981 0.113253