1 0.184535 0.477575 0.044592 0.084718
1 0.346774 0.261628 0.018027 0.034884
1 0.366224 0.261628 0.018975 0.044850
1 0.422676 0.218439 0.018027 0.038206
1 0.451139 0.235880 0.021822 0.033223
1 0.526091 0.183555 0.016129 0.034884
1 0.488140 0.192691 0.019924 0.039867
1 0.452087 0.186877 0.018027 0.031561
1 0.457780 0.149502 0.010436 0.016611
1 0.466319 0.160299 0.018027 0.031561
1 0.494782 0.095515 0.010436 0.021595
1 0.534156 0.073920 0.018975 0.024917
1 0.633776 0.086379 0.020873 0.033223
1 0.653700 0.106312 0.018975 0.029900
1 0.661290 0.083887 0.013283 0.024917
1 0.701613 0.080565 0.014231 0.028239
1 0.767078 0.103821 0.016129 0.034884
1 0.883302 0.208472 0.017078 0.034884
1 0.561195 0.281561 0.023719 0.048173
1 0.555977 0.231728 0.022770 0.038206
1 0.490512 0.306478 0.030361 0.044850
1 0.430740 0.271595 0.026565 0.044850