1 0.190009 0.417213 0.047619 0.077049
1 0.280579 0.245082 0.014006 0.024590
1 0.295518 0.250000 0.015873 0.027869
1 0.292250 0.274590 0.018674 0.027869
1 0.370682 0.281148 0.018674 0.034426
1 0.397759 0.218033 0.014939 0.022951
1 0.387021 0.191803 0.014006 0.019672
1 0.385154 0.177869 0.012138 0.018033
1 0.421569 0.178689 0.015873 0.036066
1 0.456583 0.152459 0.011204 0.026230
1 0.472456 0.157377 0.014939 0.029508
1 0.446312 0.189344 0.014939 0.031148
1 0.462652 0.203279 0.015873 0.036066
1 0.436975 0.237705 0.022409 0.042623
1 0.469188 0.235246 0.027077 0.044262
1 0.491130 0.201639 0.018674 0.036066
1 0.500934 0.156557 0.012138 0.024590
1 0.514006 0.127869 0.012138 0.019672
1 0.531279 0.173770 0.011204 0.022951
1 0.549020 0.179508 0.013072 0.024590
1 0.551821 0.130328 0.013072 0.024590
1 0.564426 0.134426 0.014006 0.022951
1 0.589169 0.120492 0.011204 0.018033
1 0.597572 0.109016 0.013072 0.021311
1 0.626984 0.112295 0.017740 0.024590
1 0.616246 0.146721 0.014939 0.024590
1 0.595238 0.175410 0.015873 0.032787
1 0.655929 0.136066 0.012138 0.022951
1 0.674136 0.110656 0.014939 0.018033
1 0.702614 0.106557 0.015873 0.026230
1 0.746499 0.116393 0.014006 0.022951
1 0.765640 0.131148 0.011204 0.022951
1 0.757703 0.141803 0.014006 0.024590
1 0.748833 0.152459 0.011204 0.022951
1 0.781513 0.140984 0.013072 0.036066
1 0.802988 0.150000 0.014939 0.034426
1 0.832400 0.150000 0.014006 0.031148
1 0.838469 0.136066 0.013072 0.022951
1 0.865079 0.137705 0.014006 0.026230
1 0.860411 0.156557 0.014006 0.024590
1 0.848739 0.173770 0.016807 0.036066
1 0.900093 0.158197 0.013072 0.021311
1 0.894024 0.176230 0.017740 0.034426
1 0.882353 0.206557 0.018674 0.039344
1 0.921102 0.151639 0.010271 0.018033
1 0.928105 0.211475 0.013072 0.022951
1 0.929038 0.249180 0.020542 0.036066
1 0.915033 0.294262 0.022409 0.050820
1 0.866013 0.248361 0.019608 0.040984
1 0.829599 0.209016 0.015873 0.034426
1 0.813259 0.237705 0.016807 0.039344
1 0.772176 0.213115 0.018674 0.042623
1 0.731559 0.198361 0.019608 0.039344
1 0.733894 0.175410 0.013072 0.029508
1 0.694678 0.161475 0.014939 0.024590
1 0.687675 0.185246 0.017740 0.039344
1 0.654062 0.184426 0.015873 0.034426
1 0.663866 0.213115 0.020542 0.039344
1 0.617180 0.209016 0.018674 0.034426
1 0.586368 0.241803 0.020542 0.037705
1 0.628385 0.249180 0.016807 0.036066
1 0.700280 0.227869 0.018674 0.036066
1 0.641457 0.295902 0.024276 0.044262
1 0.533147 0.327869 0.026144 0.042623
1 0.497666 0.358197 0.026144 0.044262
1 0.511204 0.221311 0.017740 0.029508
1 0.733427 0.250000 0.023343 0.054098
1 0.698880 0.323770 0.025210 0.054098
1 0.748366 0.324590 0.028945 0.062295
1 0.778711 0.263934 0.026144 0.049180
1 0.823529 0.353279 0.029879 0.057377
1 0.915033 0.427049 0.037348 0.063934