1 0.207267 0.358439 0.039918 0.074410
1 0.315251 0.224138 0.014330 0.030853
1 0.325998 0.192377 0.017400 0.029038
1 0.352098 0.195100 0.014330 0.030853
1 0.407881 0.208711 0.017400 0.029038
1 0.423746 0.176044 0.016377 0.029038
1 0.426817 0.145191 0.012282 0.025408
1 0.448311 0.176044 0.016377 0.029038
1 0.447288 0.208711 0.016377 0.032668
1 0.454964 0.147913 0.013306 0.023593
1 0.466223 0.140653 0.013306 0.023593
1 0.489765 0.139746 0.013306 0.029038
1 0.489253 0.166969 0.014330 0.025408
1 0.491812 0.205082 0.017400 0.036298
1 0.503582 0.121597 0.010235 0.021779
1 0.511259 0.132486 0.013306 0.021779
1 0.534289 0.149728 0.014330 0.019964
1 0.535312 0.180581 0.018424 0.030853
1 0.551177 0.166062 0.015353 0.030853
1 0.561924 0.148820 0.016377 0.029038
1 0.547083 0.126134 0.011259 0.019964
1 0.526612 0.135209 0.011259 0.016334
1 0.585977 0.111615 0.013306 0.023593
1 0.593654 0.143376 0.014330 0.032668
1 0.579324 0.181488 0.014330 0.029038
1 0.622825 0.102541 0.009212 0.019964
1 0.645855 0.102541 0.010235 0.023593
1 0.668373 0.110708 0.012282 0.021779
1 0.656602 0.121597 0.011259 0.021779
1 0.675026 0.124319 0.011259 0.016334
1 0.700614 0.127949 0.013306 0.023593
1 0.634596 0.123412 0.012282 0.018149
1 0.627943 0.137931 0.013306 0.018149
1 0.642784 0.144283 0.014330 0.027223
1 0.590072 0.177858 0.013306 0.025408
1 0.633572 0.191470 0.020471 0.038113
1 0.671955 0.169691 0.017400 0.034483
1 0.703685 0.154265 0.015353 0.025408
1 0.618219 0.244102 0.018424 0.038113
1 0.591095 0.269510 0.023541 0.052632
1 0.569089 0.242287 0.020471 0.041742
1 0.529171 0.275862 0.026612 0.050817
1 0.636131 0.295826 0.027636 0.054446
1 0.677584 0.264065 0.022518 0.041742
1 0.688332 0.306715 0.027636 0.061706
1 0.673490 0.205989 0.018424 0.034483
1 0.712897 0.188748 0.017400 0.032668
1 0.723644 0.227768 0.020471 0.038113
1 0.740532 0.167877 0.015353 0.034483
1 0.755374 0.124319 0.012282 0.027223
1 0.765609 0.141561 0.014330 0.029038
1 0.781474 0.132486 0.013306 0.029038
1 0.800921 0.160617 0.013306 0.030853
1 0.779939 0.179673 0.014330 0.039927
1 0.794268 0.197822 0.016377 0.043557
1 0.827533 0.161525 0.013306 0.036298
1 0.837257 0.154265 0.012282 0.029038
1 0.877175 0.139746 0.012282 0.025408
1 0.873081 0.158802 0.014330 0.030853
1 0.864381 0.181488 0.011259 0.029038
1 0.850051 0.188748 0.013306 0.036298
1 0.845445 0.211434 0.016377 0.034483
1 0.804504 0.193285 0.014330 0.038113
1 0.913511 0.174229 0.013306 0.029038
1 0.942682 0.170599 0.014330 0.029038
1 0.931934 0.192377 0.015353 0.032668
1 0.893552 0.186025 0.014330 0.038113
1 0.891505 0.225045 0.012282 0.025408
1 0.929376 0.226860 0.018424 0.039927
1 0.879734 0.230490 0.013306 0.043557
1 0.923234 0.269510 0.020471 0.041742
1 0.873081 0.275862 0.018424 0.050817
1 0.840328 0.290381 0.022518 0.043557
1 0.805015 0.264973 0.019447 0.043557
1 0.776868 0.278584 0.024565 0.052632
1 0.742579 0.329401 0.029683 0.059891
1 0.818833 0.348457 0.028659 0.065336
1 0.909928 0.379310 0.026612 0.065336
1 0.895599 0.380218 0.028659 0.045372