0 0.163462 0.298077 0.125000 0.134615
0 0.052885 0.318510 0.100962 0.112981
0 0.419471 0.311298 0.074519 0.093750
0 0.507212 0.298077 0.043269 0.062500
0 0.549279 0.318510 0.040865 0.060096
0 0.599760 0.334135 0.055288 0.067308
0 0.665865 0.330529 0.033654 0.045673
0 0.699519 0.313702 0.048077 0.069712
0 0.786058 0.270433 0.091346 0.112981
0 0.680288 0.474760 0.096154 0.108173
0 0.838942 0.467548 0.129808 0.127404
0 0.903846 0.542067 0.187500 0.209135
0 0.949519 0.275240 0.100962 0.112981
0 0.949519 0.044471 0.100962 0.084135
0 0.784856 0.044471 0.088942 0.084135