1 0.196463 0.457338 0.041109 0.064846
1 0.295889 0.226962 0.020076 0.030717
1 0.309751 0.245734 0.019120 0.040956
1 0.327438 0.238055 0.018164 0.035836
1 0.330784 0.194539 0.015296 0.034130
1 0.341778 0.197099 0.018164 0.039249
1 0.365201 0.196246 0.019120 0.034130
1 0.356597 0.226109 0.021033 0.039249
1 0.375717 0.283276 0.021033 0.040956
1 0.439293 0.246587 0.020076 0.035836
1 0.390057 0.208191 0.019120 0.034130
1 0.413002 0.186860 0.017208 0.029010
1 0.417782 0.157850 0.015296 0.032423
1 0.437380 0.174061 0.018164 0.034130
1 0.448375 0.153584 0.015296 0.027304
1 0.473709 0.169795 0.016252 0.032423
1 0.482792 0.145904 0.013384 0.029010
1 0.490918 0.135666 0.016252 0.025597
1 0.509560 0.122867 0.011472 0.027304
1 0.530593 0.122014 0.013384 0.025597
1 0.545411 0.129693 0.014340 0.027304
1 0.509082 0.140785 0.016252 0.029010
1 0.523901 0.145051 0.015296 0.027304
1 0.559751 0.161263 0.016252 0.032423
1 0.583652 0.168942 0.016252 0.034130
1 0.584608 0.126280 0.014340 0.023891
1 0.586042 0.117747 0.011472 0.023891
1 0.612333 0.121160 0.012428 0.030717
1 0.618069 0.156997 0.014340 0.034130
1 0.651530 0.138225 0.014340 0.027304
1 0.663002 0.117747 0.012428 0.023891
1 0.672084 0.100683 0.009560 0.027304
1 0.692161 0.104949 0.011472 0.025597
1 0.708891 0.107509 0.014340 0.027304
1 0.555927 0.195392 0.020076 0.039249
1 0.506692 0.192833 0.017208 0.030717
1 0.480402 0.228669 0.020076 0.044369
1 0.428298 0.211604 0.019120 0.027304
1 0.444551 0.215017 0.017208 0.030717
1 0.509082 0.285836 0.021989 0.052901
1 0.544933 0.291809 0.026769 0.058020
1 0.569790 0.255973 0.022945 0.044369
1 0.629541 0.251706 0.018164 0.049488
1 0.634799 0.210751 0.017208 0.035836
1 0.684034 0.186860 0.020076 0.035836
1 0.702199 0.156143 0.014340 0.032423
1 0.729446 0.149317 0.015296 0.035836
1 0.764818 0.133106 0.015296 0.030717
1 0.787285 0.136519 0.016252 0.027304
1 0.785851 0.159556 0.019120 0.032423
1 0.811663 0.155290 0.019120 0.037543
1 0.756214 0.175768 0.015296 0.037543
1 0.745698 0.202218 0.017208 0.032423
1 0.706979 0.196246 0.020076 0.040956
1 0.717017 0.231229 0.017208 0.039249
1 0.678298 0.270478 0.023901 0.046075
1 0.726577 0.284130 0.024857 0.049488
1 0.663480 0.364334 0.034417 0.059727
1 0.595602 0.347270 0.026769 0.063140
1 0.748566 0.393345 0.026769 0.059727
1 0.786807 0.316553 0.021033 0.049488
1 0.770554 0.245734 0.021033 0.044369
1 0.806883 0.250853 0.017208 0.040956
1 0.807839 0.203925 0.015296 0.039249
1 0.880019 0.224403 0.016252 0.035836
1 0.927342 0.239761 0.015296 0.035836
1 0.865679 0.281570 0.021989 0.047782
1 0.838432 0.319113 0.021033 0.051195
1 0.821224 0.404437 0.028681 0.061433
1 0.857075 0.397611 0.029637 0.071672
1 0.912524 0.341297 0.023901 0.068259
1 0.927342 0.298635 0.022945 0.044369
1 0.625239 0.129693 0.015296 0.027304