1 0.441040 0.201827 0.016713 0.038206
1 0.461931 0.209302 0.021356 0.043189
1 0.611421 0.103821 0.013928 0.031561
1 0.640204 0.136213 0.013928 0.026578
1 0.651811 0.143688 0.014856 0.028239
1 0.672238 0.119601 0.012999 0.029900
1 0.754875 0.143688 0.014856 0.028239
1 0.772981 0.144518 0.013928 0.033223
1 0.874652 0.186047 0.012999 0.039867
1 0.895079 0.212625 0.016713 0.039867
1 0.893686 0.250831 0.015785 0.046512
1 0.828227 0.254153 0.020427 0.056478
1 0.924327 0.247508 0.017642 0.043189
1 0.942897 0.191860 0.012071 0.034884