1 0.212255 0.360627 0.044118 0.087108
1 0.322549 0.230836 0.017647 0.036585
1 0.336275 0.189024 0.013725 0.033101
1 0.353431 0.203833 0.014706 0.031359
1 0.413235 0.209059 0.018627 0.034843
1 0.453922 0.212544 0.019608 0.041812
1 0.425980 0.185540 0.016667 0.029617
1 0.421569 0.164634 0.017647 0.029617
1 0.458333 0.189895 0.018627 0.031359
1 0.480882 0.192509 0.016667 0.033101
1 0.490196 0.222997 0.019608 0.045296
1 0.462255 0.155052 0.014706 0.031359
1 0.471569 0.141115 0.013725 0.024390
1 0.489216 0.153310 0.015686 0.031359
1 0.510294 0.162892 0.014706 0.033101
1 0.505882 0.139373 0.013725 0.027875
1 0.522059 0.137631 0.012745 0.027875
1 0.534314 0.124564 0.011765 0.026132
1 0.538235 0.152439 0.013725 0.033101
1 0.548039 0.141115 0.011765 0.031359
1 0.555882 0.165505 0.013725 0.031359
1 0.563235 0.178571 0.016667 0.040070
1 0.573039 0.147213 0.014706 0.029617
1 0.561765 0.121080 0.011765 0.026132
1 0.596078 0.113240 0.011765 0.024390
1 0.625980 0.104530 0.010784 0.027875
1 0.648039 0.104530 0.011765 0.027875
1 0.669118 0.108014 0.010784 0.027875
1 0.644608 0.121951 0.010784 0.024390
1 0.657843 0.134146 0.011765 0.024390
1 0.635294 0.139373 0.015686 0.038328
1 0.610294 0.128049 0.014706 0.026132
1 0.602941 0.145470 0.013725 0.033101
1 0.608824 0.171603 0.015686 0.036585
1 0.592157 0.236063 0.019608 0.036585
1 0.543137 0.269164 0.025490 0.047038
1 0.589216 0.273519 0.023529 0.059233
1 0.608824 0.310976 0.031373 0.074913
1 0.645098 0.203833 0.019608 0.048780
1 0.652451 0.248258 0.024510 0.050523
1 0.669118 0.269164 0.022549 0.047038
1 0.704902 0.128049 0.013725 0.026132
1 0.695588 0.125436 0.010784 0.024390
1 0.709314 0.120209 0.010784 0.020906
1 0.675000 0.214286 0.018627 0.041812
1 0.719118 0.162021 0.014706 0.031359
1 0.713235 0.197735 0.016667 0.040070
1 0.731863 0.223868 0.022549 0.047038
1 0.696569 0.317073 0.030392 0.069686
1 0.751471 0.337108 0.030392 0.071429
1 0.765686 0.131533 0.013725 0.033101
1 0.774020 0.146341 0.012745 0.031359
1 0.789706 0.142857 0.012745 0.031359
1 0.810294 0.149826 0.016667 0.031359
1 0.841176 0.156794 0.013725 0.034843
1 0.751471 0.168990 0.014706 0.034843
1 0.786275 0.184669 0.015686 0.038328
1 0.799510 0.213415 0.018627 0.047038
1 0.820098 0.201220 0.016667 0.040070
1 0.835784 0.182927 0.012745 0.038328
1 0.849020 0.212544 0.017647 0.038328
1 0.857353 0.192509 0.012745 0.040070
1 0.790196 0.297038 0.025490 0.064460
1 0.816667 0.273519 0.019608 0.045296
1 0.828922 0.358014 0.030392 0.067944
1 0.856373 0.317073 0.020588 0.055749
1 0.882843 0.265679 0.020588 0.050523
1 0.895588 0.229965 0.018627 0.048780
1 0.900490 0.204704 0.014706 0.036585
1 0.939216 0.257840 0.017647 0.041812
1 0.936765 0.317073 0.018627 0.055749
1 0.918627 0.375436 0.025490 0.050523
1 0.907353 0.422474 0.034314 0.071429
1 0.943137 0.231707 0.015686 0.041812
1 0.945098 0.202962 0.015686 0.036585
1 0.954412 0.187282 0.014706 0.040070
1 0.928431 0.173345 0.009804 0.033101
1 0.919608 0.177700 0.011765 0.034843
1 0.873039 0.188153 0.014706 0.034843
1 0.877941 0.162021 0.012745 0.034843
1 0.891667 0.162021 0.014706 0.027875