1 0.208535 0.363322 0.046557 0.076125
1 0.320563 0.237889 0.020369 0.036332
1 0.325412 0.210208 0.018429 0.036332
1 0.358875 0.199827 0.017459 0.036332
1 0.414646 0.208478 0.020369 0.036332
1 0.426770 0.187716 0.015519 0.025952
1 0.419011 0.170415 0.015519 0.025952
1 0.448594 0.215398 0.014549 0.039792
1 0.463628 0.190311 0.017459 0.034602
1 0.457808 0.156574 0.015519 0.025952
1 0.477207 0.161765 0.013579 0.029412
1 0.502910 0.164360 0.014549 0.031142
1 0.484966 0.224048 0.019399 0.039792
1 0.477692 0.135813 0.012609 0.025952
1 0.506305 0.145329 0.011639 0.024221
1 0.513579 0.131488 0.012609 0.024221
1 0.516974 0.144464 0.015519 0.029412
1 0.532978 0.125433 0.012609 0.019031
1 0.537827 0.155709 0.014549 0.031142
1 0.551891 0.173010 0.013579 0.031142
1 0.559651 0.184256 0.013579 0.032872
1 0.555286 0.129758 0.010669 0.024221
1 0.576625 0.154844 0.012609 0.032872
1 0.595053 0.115917 0.010669 0.024221
1 0.607662 0.134083 0.016489 0.029412
1 0.599903 0.156574 0.014549 0.036332
1 0.588264 0.197232 0.018429 0.031142
1 0.622211 0.109862 0.012609 0.022491
1 0.646945 0.108131 0.011639 0.022491
1 0.661494 0.113322 0.011639 0.029412
1 0.689622 0.128893 0.011639 0.022491
1 0.703201 0.131488 0.015519 0.034602
1 0.637245 0.136678 0.013579 0.027682
1 0.658584 0.146194 0.013579 0.025952
1 0.646460 0.153114 0.014549 0.029412
1 0.644035 0.209343 0.021339 0.041522
1 0.592629 0.242215 0.023278 0.051903
1 0.588749 0.275952 0.025218 0.050173
1 0.531038 0.286332 0.026188 0.057093
1 0.608147 0.321799 0.032978 0.069204
1 0.639185 0.257785 0.023278 0.044983
1 0.672163 0.215398 0.021339 0.039792
1 0.679922 0.263841 0.025218 0.046713
1 0.698351 0.318339 0.031038 0.062284
1 0.751697 0.351211 0.031038 0.069204
1 0.828807 0.360727 0.030068 0.064014
1 0.898157 0.424740 0.029098 0.074394
1 0.914646 0.384083 0.019399 0.065744
1 0.846751 0.320934 0.021339 0.057093
1 0.792919 0.308824 0.024248 0.057093
1 0.811833 0.273356 0.023278 0.058824
1 0.874394 0.300173 0.020369 0.046713
1 0.935015 0.288927 0.021339 0.048443
1 0.926285 0.253460 0.015519 0.046713
1 0.937924 0.240484 0.017459 0.044983
1 0.937924 0.207612 0.017459 0.038062
1 0.917556 0.173010 0.015519 0.031142
1 0.882153 0.156574 0.012609 0.032872
1 0.895732 0.205882 0.016489 0.051903
1 0.884093 0.228374 0.018429 0.044983
1 0.875849 0.177336 0.013579 0.029412
1 0.868089 0.194637 0.013579 0.032872
1 0.858390 0.198962 0.019399 0.044983
1 0.845296 0.217128 0.016489 0.039792
1 0.794374 0.223183 0.015519 0.044983
1 0.812318 0.210208 0.016489 0.046713
1 0.831232 0.179931 0.013579 0.027682
1 0.838991 0.163495 0.013579 0.032872
1 0.804074 0.172145 0.013579 0.029412
1 0.774006 0.185986 0.019399 0.039792
1 0.730844 0.224913 0.020369 0.044983
1 0.705626 0.206747 0.016489 0.043253
1 0.686227 0.178201 0.018429 0.038062
1 0.710960 0.167820 0.015519 0.034602
1 0.744908 0.180796 0.015519 0.039792
1 0.757032 0.133218 0.012609 0.031142
1 0.765276 0.154844 0.015519 0.036332
1 0.786615 0.141003 0.013579 0.032872