1 0.126263 0.517606 0.043771 0.080282
1 0.221801 0.334507 0.017677 0.038028
1 0.254209 0.345775 0.021886 0.038028
1 0.286616 0.294366 0.019360 0.030986
1 0.331650 0.342254 0.021886 0.047887
1 0.350168 0.323944 0.013468 0.030986
1 0.348906 0.292254 0.015993 0.035211
1 0.386364 0.256338 0.015152 0.028169
1 0.413300 0.260563 0.015152 0.028169
1 0.423822 0.253521 0.014310 0.025352
1 0.401515 0.293662 0.015152 0.029577
1 0.406566 0.326056 0.021886 0.040845
1 0.447811 0.334507 0.020202 0.038028
1 0.472222 0.302817 0.018519 0.033803
1 0.442761 0.258451 0.015152 0.035211
1 0.462542 0.240141 0.014310 0.026761
1 0.468013 0.232394 0.013468 0.025352
1 0.471801 0.261268 0.015993 0.029577
1 0.505471 0.260563 0.012626 0.028169
1 0.512626 0.250704 0.011785 0.025352
1 0.529040 0.274648 0.017677 0.033803
1 0.545034 0.252113 0.012626 0.030986
1 0.502946 0.323944 0.019360 0.036620
1 0.478956 0.397183 0.031987 0.047887
1 0.538721 0.353521 0.020202 0.053521
1 0.555135 0.273944 0.014310 0.029577
1 0.556818 0.224648 0.012626 0.026761
1 0.569865 0.214789 0.010101 0.018310
1 0.574495 0.231690 0.014310 0.029577
1 0.577441 0.259859 0.015152 0.029577
1 0.602273 0.247887 0.010943 0.025352
1 0.604798 0.226056 0.010943 0.026761
1 0.610269 0.205634 0.015152 0.025352
1 0.602273 0.323239 0.021044 0.046479
1 0.539141 0.424648 0.031145 0.060563
1 0.584596 0.450704 0.032828 0.073239
1 0.637626 0.459859 0.034512 0.063380
1 0.614057 0.361972 0.022727 0.045070
1 0.662879 0.358451 0.029461 0.046479
1 0.651936 0.339437 0.021044 0.042254
1 0.635522 0.298592 0.016835 0.028169
1 0.638468 0.248592 0.014310 0.029577
1 0.675505 0.207042 0.009259 0.025352
1 0.678451 0.226761 0.011785 0.025352
1 0.687710 0.223239 0.011785 0.026761
1 0.674242 0.270423 0.016835 0.033803
1 0.710859 0.248592 0.015993 0.038028
1 0.680976 0.311268 0.018519 0.045070
1 0.694865 0.354225 0.022727 0.049296
1 0.725168 0.390845 0.024411 0.052113
1 0.739057 0.247183 0.016835 0.032394
1 0.751263 0.235915 0.014310 0.026761
1 0.785774 0.277465 0.015993 0.039437
1 0.777357 0.262676 0.014310 0.026761
1 0.792508 0.258451 0.014310 0.029577
1 0.787037 0.235915 0.015152 0.035211
1 0.817761 0.240141 0.012626 0.026761
1 0.828704 0.262676 0.017677 0.035211
1 0.816077 0.290141 0.019360 0.033803
1 0.819444 0.352113 0.019360 0.047887
1 0.818182 0.334507 0.018519 0.032394
1 0.854798 0.254930 0.012626 0.022535
1 0.863636 0.267606 0.015152 0.036620
1 0.888889 0.252817 0.011785 0.029577
1 0.855219 0.316901 0.016835 0.039437
1 0.878367 0.330282 0.017677 0.043662
1 0.898569 0.315493 0.014310 0.033803
1 0.907828 0.285915 0.014310 0.036620
1 0.942761 0.304225 0.016835 0.033803
1 0.948653 0.280986 0.013468 0.026761
1 0.928451 0.318310 0.018519 0.030986
1 0.937710 0.399296 0.018519 0.046479
1 0.856902 0.400704 0.023569 0.049296
1 0.932660 0.463380 0.035354 0.061972
1 0.790825 0.419718 0.022727 0.061972
1 0.848064 0.461972 0.027778 0.056338
1 0.704966 0.532394 0.039562 0.076056
1 0.817761 0.505634 0.037879 0.070423
1 0.274832 0.378169 0.021044 0.032394
1 0.707912 0.296479 0.021886 0.038028
1 0.642677 0.223239 0.012626 0.029577